41.773461627 -87.706132139; 41.785213857 -87.711392956; 41.780297062 -87.699521023; 41.77491953 -87.688410738; 
41.798519354 -87.664702622; 41.808147803 -87.664961971; 41.786030519 -87.661950363; 
41.742710224 -87.634088181; 41.740918989 -87.631967753; 41.742774676 -87.647513302; 
41.809347098 -87.618919216; 41.823634458 -87.631942618; 41.837378993 -87.635300738; 
41.709913167 -87.636842583; 41.677661758 -87.652872258; 41.686187514 -87.649483831; 41.691395703 -87.641139408; 
41.895003278 -87.62152816; 41.884276844 -87.622098929; 41.881623795 -87.626200793; 41.88033698 -87.629365643; 41.882394062 -87.627844798; 41.876535157 -87.633685113; 41.894173733 -87.621401474; 41.880169806 -87.641140205; 41.895140898 -87.624255632; 41.884481993 -87.630010542; 41.865397377 -87.640660777; 41.880691384 -87.631223519; 41.884466819 -87.634266948; 41.880691384 -87.631223519; 
41.865614975 -87.721495958; 41.855461836 -87.734631013; 41.865089368 -87.733707829; 41.850246849 -87.727136997; 
41.932831444 -87.643393585; 41.948533921 -87.647988403; 41.921931669 -87.668560002; 41.928353487 -87.642126242; 41.95208984 -87.647891491; 41.967216477 -87.658175968; 41.924087266 -87.648713098; 41.916515842 -87.653313264; 41.92182721 -87.672808789; 
41.879363342 -87.635754673; 41.884314386 -87.635373981; 41.882774244 -87.629427024; 41.87605811 -87.641004654; 41.877720707 -87.626074914; 41.884485203 -87.62874355; 41.880801792 -87.625515824; 
41.884497529 -87.625838595; 41.886237872 -87.615745896; 41.880819621 -87.633799949; 
41.89804054 -87.624091323; 41.883475491 -87.627876969; 41.884466819 -87.634266948; 
41.871371147 -87.627514417; 41.895002822 -87.621454706; 41.884688197 -87.636827836; 41.883500187 -87.627876698; 
