41.999533347 -87.671104423; 42.018695845 -87.669654419; 42.004116652 -87.666925138; 41.997282708 -87.662997565; 
41.908769112 -87.675492992; 41.873995106 -87.679514102; 41.887728054 -87.662513515; 41.943208502 -87.679226482; 41.900839756 -87.67719063; 41.925098106 -87.672293669; 41.896045119 -87.668997488; 41.889747139 -87.675680852; 41.889834621 -87.670372978; 
41.940007141 -87.647443851; 41.901680889 -87.628345154; 41.94273318 -87.647616797; 41.941121482 -87.645182448; 41.921958376 -87.639218933; 41.911426227 -87.650233466; 41.907826053 -87.645220542; 41.883500187 -87.627876698; 41.92063871 -87.635647009; 41.916002784 -87.634591587; 
41.970599981 -87.714649091; 41.952607406 -87.732443411; 41.946364046 -87.728212272; 41.961657916 -87.739847975; 41.959561911 -87.734146549; 41.967178526 -87.715774293; 41.965845155 -87.713286801; 41.968368626 -87.716630608; 
41.908539849 -87.74608227; 41.909780657 -87.734472721; 41.892218937 -87.751292899; 
41.934738615 -87.705050639; 41.922039747 -87.697330182; 41.925155622 -87.701021683; 
41.886335464 -87.636042402; 41.88206533 -87.627492211; 41.892753031 -87.624193896; 41.898767916 -87.624116333; 41.891990384 -87.611461502; 41.911160085 -87.635184465; 
41.910608341 -87.669397578; 41.908838794 -87.665694419; 41.90824539 -87.674131751; 41.905247935 -87.67976105; 41.921604898 -87.665686285; 
41.881582612 -87.626197575; 41.879534377 -87.625584892; 41.885901992 -87.632455489; 
41.752577245 -87.582113088; 41.756905945 -87.590275988; 41.767838617 -87.590182832; 
41.783318214 -87.728999796; 41.796216157 -87.723245665; 41.806950719 -87.723558305; 
