41.950466278 -87.730750443; 41.949124386 -87.706662873; 41.95476825 -87.720717524; 
41.876470319 -87.660024222; 41.864137536 -87.655803289; 41.874948052 -87.6568898; 
41.80807526 -87.666173157; 41.79787272 -87.650413852; 41.797873003 -87.650461525; 41.806110048 -87.666120189; 
41.9145648 -87.713449059; 41.903127105 -87.680807561; 41.929668705 -87.678776837; 41.915875963 -87.727739817; 41.913065718 -87.676301237; 41.911011656 -87.697009828; 41.931885873 -87.718974049; 41.929309681 -87.6707251; 41.909473539 -87.683538674; 41.934951046 -87.691854449; 41.94157403 -87.665117794; 
41.900924938 -87.621021602; 41.903775756 -87.639324074; 41.892993568 -87.622707414; 41.911103416 -87.639417374; 41.900871406 -87.622568647; 
41.776523355 -87.696984524; 41.771531518 -87.70296528; 41.769346315 -87.684591846; 41.778719372 -87.718766323; 
41.991735663 -87.671806925; 41.963653562 -87.651054693; 41.936131287 -87.636790256; 41.999930854 -87.668661143; 41.951179325 -87.647526278; 41.977034295 -87.673113882; 41.97261939 -87.663256238; 
41.804012702 -87.61066005; 41.793861276 -87.607994391; 41.79401601 -87.608161336; 41.782951712 -87.604362828; 
41.869858673 -87.7211838; 41.870768344 -87.72143213; 41.866998762 -87.73096952; 
41.833646591 -87.670472441; 41.829514037 -87.677699367; 41.845812871 -87.665898673; 
41.877454917 -87.69450809; 41.850563495 -87.695410705; 41.861359279 -87.694400341; 
41.881749633 -87.624355971; 41.891948167 -87.628073894; 41.881493402 -87.627755557; 41.880801792 -87.625515824; 41.881949766 -87.647367397; 41.89023229 -87.631089666; 
41.749858595 -87.647657786; 41.735479162 -87.653324829; 41.740918989 -87.631967753; 
41.676211368 -87.621828417; 41.675165651 -87.640676424; 41.686592823 -87.620882985; 
