41.899348366 -87.690062079; 41.89828778 -87.684463847; 41.915519235 -87.712330237; 41.88171846 -87.627760426; 41.887384761 -87.624550742; 41.887384761 -87.624550742; 41.913198054 -87.633218718; 41.91742192 -87.704434236; 41.918431595 -87.690032129; 41.901219729 -87.663154731; 41.933102846 -87.689164397; 41.91144551 -87.698048903; 41.882389156 -87.624374606; 41.883641965 -87.648579514; 41.923830895 -87.699164392; 41.901335659 -87.669886691; 41.898601278 -87.628250467; 41.922822002 -87.691439473; 41.904638152 -87.648123774; 41.885741029 -87.631711749; 41.907605653 -87.638242946; 41.904101149 -87.678369482; 41.890777731 -87.634580101; 41.910423933 -87.680792032; 41.87928488 -87.620740552; 41.882366028 -87.63088203; 41.894465726 -87.624241063; 41.893298918 -87.626384218; 41.880443372 -87.624355722; 41.914204099 -87.633490624; 
41.917078812 -87.756695962; 41.907576251 -87.765098679; 41.906840811 -87.754661071; 
41.862844611 -87.716103816; 41.895515041 -87.71054066; 41.844419718 -87.712045695; 41.890556838 -87.719836666; 41.877227477 -87.714617839; 41.885456607 -87.712423144; 
41.833788757 -87.665641988; 41.819027613 -87.665219378; 41.819027613 -87.665219378; 
41.94959267 -87.675580718; 41.948131367 -87.649510899; 41.932755165 -87.647150367; 41.943363642 -87.641096671; 41.950003367 -87.661673485; 41.923926927 -87.665757616; 41.922405106 -87.660794512; 41.94058948 -87.669957758; 
41.799515859 -87.591448973; 41.80950879 -87.608371773; 41.802195166 -87.609657204; 
41.99280971 -87.674856368; 42.019399237 -87.675049485; 42.012808416 -87.664725936; 42.005887804 -87.661005031; 
41.774289841 -87.603357441; 41.755097612 -87.589028774; 41.729882294 -87.614356392; 41.733560632 -87.601899006; 41.752387603 -87.607688238; 41.772413228 -87.587622531; 
41.775519362 -87.654390481; 41.764682386 -87.663785792; 41.785874909 -87.666803041; 
41.885741029 -87.631711749; 41.88233367 -87.627841791; 41.874086805 -87.62599014; 41.891412551 -87.647934597; 41.88171846 -87.627760426; 41.900586426 -87.628871449; 41.886018055 -87.633937881; 41.895140898 -87.624255632; 41.885729338 -87.625780935; 
41.919741646 -87.692183172; 41.925262004 -87.697426794; 41.911203919 -87.694568465; 
41.937929616 -87.664630259; 41.921823277 -87.648252269; 41.930002308 -87.648921798; 41.929726823 -87.654753189; 41.907794034 -87.673427375; 41.921497276 -87.671746597; 
41.732061582 -87.639856685; 41.731426527 -87.648363085; 41.742710224 -87.634088181; 41.71557103 -87.643055717; 
41.879219 -87.620737612; 41.892509386 -87.626069718; 41.890900247 -87.639397357; 41.894949856 -87.62353785; 41.893812529 -87.624229924; 41.897895128 -87.624096605; 
41.888165132 -87.622937212; 41.904370109 -87.631460067; 41.884486956 -87.628581948; 41.903411736 -87.628667741; 
41.885879253 -87.630979425; 41.879538326 -87.625335149; 41.881949766 -87.647367397; 
