41.940743936 -87.654132838; 41.920395237 -87.652228546; 41.906857592 -87.649396829; 41.947446464 -87.668868434; 41.885741029 -87.631711749; 41.900588156 -87.628706133; 41.910914175 -87.648578343; 41.882089998 -87.625703578; 41.929554508 -87.652531686; 41.8769047 -87.629043466; 41.943028995 -87.64936326; 41.903141995 -87.63077557; 41.89804054 -87.624091323; 41.918101097 -87.653623444; 41.918950021 -87.657038898; 41.884333364 -87.619266937; 41.89116528 -87.649266766; 41.884333364 -87.619266937; 41.938997685 -87.65073686; 41.977225127 -87.655010442; 41.884333364 -87.619266937; 41.96515499 -87.675086063; 41.947225886 -87.655545441; 41.885106529 -87.65212608; 41.886918114 -87.667634082; 41.976779033 -87.659877015; 41.891045813 -87.617950803; 41.884335468 -87.619164088; 
41.971014414 -87.71465979; 41.952712379 -87.710432655; 41.969370234 -87.708505329; 41.996344363 -87.703238414; 41.987186195 -87.712664111; 41.984973944 -87.692606773; 41.999638857 -87.68429239; 
41.884588934 -87.733499828; 41.876291236 -87.742676339; 41.873578134 -87.764614167; 41.861813083 -87.734828742; 41.892887154 -87.768604225; 41.881115109 -87.766533976; 41.883713436 -87.747841016; 
41.770128396 -87.615377145; 41.752289382 -87.63433971; 41.758302246 -87.6209517; 
41.774958233 -87.66777028; 41.762249309 -87.673465652; 41.795065079 -87.674335672; 41.784245963 -87.659475683; 
41.881770084 -87.635309866; 41.884335468 -87.619164088; 41.884335468 -87.619164088; 41.900580739 -87.62928659; 41.891308785 -87.614359614; 41.882446804 -87.624377641; 41.891764728 -87.622357433; 
41.885428814 -87.661648848; 41.885428814 -87.661648848; 41.902441054 -87.666951245; 41.902308082 -87.66484779; 
41.887803384 -87.650154661; 41.865629068 -87.666357104; 41.875475455 -87.656976034; 
41.884335468 -87.619164088; 41.882553868 -87.624383802; 41.882424852 -87.624377884; 
41.896685066 -87.627683859; 41.885741029 -87.631711749; 41.882381731 -87.629412971; 41.879297705 -87.627706271; 
41.768502017 -87.587953755; 41.776437246 -87.594556292; 41.757630995 -87.585708249; 41.7533252 -87.584024746; 
41.919156839 -87.712607288; 41.930049492 -87.685920733; 41.930896787 -87.697587655; 
