41.93991842 -87.653288878; 41.882389156 -87.624374606; 41.929213617 -87.670722419; 41.8924816 -87.627351831; 41.929363024 -87.669508151; 41.926940702 -87.641296295; 41.870477315 -87.620533646; 41.964618881 -87.656975296; 41.984109031 -87.660855375; 41.9342691 -87.643341339; 41.977315892 -87.656440092; 41.882917076 -87.661050873; 41.868506219 -87.639232076; 41.907545248 -87.67982946; 41.906899902 -87.640888264; 41.882470918 -87.627847625; 41.963899622 -87.672477356; 41.876510461 -87.633685382; 41.898767916 -87.624116333; 41.958604295 -87.670745246; 41.884335468 -87.619164088; 41.89428231 -87.721152644; 41.874422837 -87.625299815; 41.935037351 -87.644233492; 41.875452995 -87.620592186; 41.973850553 -87.677820831; 41.893741807 -87.70491635; 41.943570913 -87.652353187; 41.982663567 -87.660043041; 41.865284723 -87.625782459; 41.888438092 -87.624476665; 41.909167122 -87.677428649; 41.899293938 -87.695061839; 41.985500167 -87.657089031; 41.91081797 -87.654560398; 41.904183476 -87.691982527; 41.896442307 -87.655722728; 41.93991842 -87.653288878; 41.930049492 -87.685920733; 41.885741529 -87.631344503; 41.946175518 -87.662198881; 41.866578077 -87.624134464; 41.894167663 -87.621750466; 41.982161273 -87.668500261; 41.892364315 -87.636002543; 41.874422837 -87.625299815; 41.925212606 -87.663638623; 41.911445354 -87.666560011; 41.875368552 -87.626020068; 41.903868832 -87.633408812; 41.967701496 -87.662737826; 41.884650262 -87.627915459; 41.879297705 -87.627706271; 41.906802735 -87.626294031; 41.890977086 -87.705185849; 41.916514693 -87.680057614; 41.893288174 -87.670598037; 41.92970481 -87.650115657; 41.968970511 -87.663412151; 41.884304288 -87.621213594; 41.933409775 -87.662259227; 41.869047845 -87.624125523; 
41.824675709 -87.617013434; 41.817770227 -87.599481489; 41.82632683 -87.610295415; 
41.784895894 -87.618974395; 41.783520979 -87.608455604; 41.777783389 -87.615563072; 41.786893119 -87.620642601; 
41.758101926 -87.563928316; 41.766062706 -87.577091576; 41.757457948 -87.586106086; 
41.687052611 -87.622452179; 41.693392083 -87.643629758; 41.671702032 -87.624875795; 41.682603674 -87.638546591; 41.684992237 -87.620779831; 
41.736871185 -87.58879593; 41.722359092 -87.584124547; 41.722011572 -87.570512966; 41.722362598 -87.58382047; 
41.88110601 -87.757533603; 41.894807608 -87.768499157; 41.87984915 -87.77138497; 
41.743247503 -87.617941207; 41.742710224 -87.634088181; 41.727430422 -87.610665402; 
41.881663579 -87.62776103; 41.884335468 -87.619164088; 41.912845886 -87.637131664; 41.883210946 -87.631280397; 41.911770629 -87.651849985; 41.890119583 -87.645109451; 41.881678585 -87.653914121; 41.871867571 -87.630600457; 41.882394062 -87.627844798; 41.919024647 -87.634668851; 41.919556487 -87.636386319; 41.891899799 -87.634075722; 41.883679128 -87.649750579; 41.885748304 -87.627525121; 41.913287141 -87.63477919; 41.906763691 -87.650679924; 41.890780185 -87.63453233; 41.884650262 -87.627915459; 41.875254895 -87.627618559; 41.896763927 -87.622228525; 41.881203182 -87.647342333; 41.88946287 -87.624222942; 41.915562977 -87.634471465; 41.876661502 -87.647809501; 41.890455604 -87.6241128; 41.907740813 -87.665173177; 41.892060319 -87.622673686; 41.875820724 -87.647175913; 41.892042096 -87.624165033; 
41.936437542 -87.668545362; 41.930049492 -87.685920733; 41.887838413 -87.706325704; 41.924523024 -87.723590223; 41.910334687 -87.686358785; 41.895868773 -87.721207281; 41.899257407 -87.699863063; 41.903866454 -87.690744072; 41.939680604 -87.669864264; 41.908133345 -87.720799905; 41.880751096 -87.723855981; 
41.896086635 -87.631234895; 41.881847601 -87.641772074; 41.891404732 -87.628061509; 41.878840427 -87.639582928; 41.894465726 -87.624241063; 
41.784857953 -87.736384648; 41.817822779 -87.72392842; 41.800853596 -87.728879071; 41.777795743 -87.725180084; 
41.892505345 -87.626304822; 41.903919035 -87.630396032; 41.880387322 -87.627731005; 41.885741029 -87.631711749; 
41.895032672 -87.631206037; 41.889227229 -87.630083361; 41.884486956 -87.628581948; 41.883222953 -87.625635993; 41.894408446 -87.634143853; 41.894408446 -87.634143853; 41.911367051 -87.626401638; 
42.012853386 -87.688901214; 41.991432549 -87.688466242; 41.998698876 -87.680163176; 
41.898767916 -87.624116333; 41.879410537 -87.631340358; 41.890874241 -87.627476039; 
41.869822522 -87.724191109; 41.871530533 -87.744926805; 41.870371125 -87.727776665; 
