41.89224877 -87.647345357; 41.891412551 -87.647934597; 41.904370109 -87.631460067; 41.894262326 -87.616673471; 41.885871785 -87.632452147; 41.891404732 -87.628061509; 41.883475491 -87.627876969; 41.885741029 -87.631711749; 41.890900247 -87.639397357; 41.895996468 -87.625487641; 41.884335468 -87.619164088; 41.879097968 -87.632283818; 41.896442307 -87.655722728; 41.897960631 -87.632081223; 41.880366516 -87.6243529; 41.880775433 -87.627029031; 41.88154768 -87.641184088; 41.903469123 -87.629971177; 41.893140033 -87.624204307; 41.885389294 -87.626265771; 41.896442307 -87.655722728; 41.881883933 -87.640060441; 
41.983673036 -87.657174571; 41.964296453 -87.663766303; 41.961867922 -87.648430138; 41.978732135 -87.65648026; 41.976083984 -87.649995274; 
41.896993665 -87.70040701; 41.894785109 -87.690625755; 41.883662215 -87.694967726; 41.873620574 -87.711392136; 41.879697506 -87.676602778; 41.885517614 -87.726921208; 41.862846881 -87.716015688; 41.886474179 -87.701755815; 41.86640116 -87.705973505; 41.863504338 -87.721438987; 
41.912726828 -87.716630126; 41.937503095 -87.709268575; 41.930380649 -87.709554828; 41.920955678 -87.715915219; 41.917963469 -87.722914142; 41.954828904 -87.711581135; 
41.918060119 -87.65644204; 41.934661759 -87.681419722; 41.939520412 -87.646816882; 41.930049492 -87.685920733; 41.936245714 -87.670965708; 41.917151101 -87.648460233; 41.918101097 -87.653623444; 41.926752802 -87.642448526; 41.9225978 -87.657158382; 41.923903708 -87.685174456; 41.923910441 -87.665754113; 
41.900945454 -87.754515945; 41.907696876 -87.755178676; 41.907835786 -87.744174733; 
41.707756212 -87.580708771; 41.719030891 -87.590565952; 41.749014122 -87.588278181; 41.732275365 -87.586819344; 41.72877551 -87.587955237; 
41.862295742 -87.650176627; 41.864304179 -87.657538001; 41.859637981 -87.66440403; 
41.787695799 -87.696071016; 41.784328208 -87.653406567; 41.775144517 -87.683532573; 41.781691061 -87.703995058; 41.783041707 -87.669457632; 
41.828441266 -87.63265333; 41.824675709 -87.617013434; 41.827318885 -87.607033458; 
41.760067375 -87.556666012; 41.754830209 -87.565081532; 41.773046314 -87.571598578; 
41.941760512 -87.685688333; 41.930049492 -87.685920733; 41.930049492 -87.685920733; 41.939923405 -87.668667203; 41.935973285 -87.674651172; 
41.86821682 -87.6304532; 41.890132638 -87.621589582; 41.88817016 -87.629547745; 41.893983414 -87.634648001; 41.894949856 -87.62353785; 41.880830829 -87.623995243; 41.878638996 -87.627691486; 41.866937617 -87.624141504; 41.89804054 -87.624091323; 
41.885455068 -87.660040064; 41.886396899 -87.662479699; 41.907143118 -87.672857317; 41.90352381 -87.66674162; 
41.86490658 -87.624094197; 41.880579428 -87.627732563; 41.887274976 -87.624548283; 
41.920617867 -87.64859586; 41.908849952 -87.646645976; 41.913581053 -87.654964655; 
41.882389156 -87.624374606; 41.892509386 -87.626069718; 41.895965875 -87.631232545; 
41.880717437 -87.726309284; 41.887216076 -87.755620452; 41.863670313 -87.729987524; 41.882173245 -87.74288657; 
41.879862191 -87.629359838; 41.895979595 -87.631232395; 41.882848699 -87.641225131; 
41.88171846 -87.627760426; 41.891037284 -87.618343879; 41.882381731 -87.629412971; 41.895586858 -87.634781117; 41.89361798 -87.634123092; 
41.74775752 -87.65245137; 41.760815047 -87.663679385; 41.753539487 -87.644118665; 
