41.979000097 -87.692655629; 41.990615196 -87.683188577; 42.018498254 -87.672983233; 41.968679127 -87.684345681; 42.006422865 -87.681452888; 42.016607113 -87.675302757; 
41.951079236 -87.670194562; 41.935854166 -87.649120179; 41.942732089 -87.680863355; 41.92462436 -87.638080295; 41.936046155 -87.636780157; 41.927210571 -87.641451394; 41.940573762 -87.654127293; 41.941034149 -87.639335535; 
41.884650262 -87.627915459; 41.883209085 -87.633223046; 41.883207809 -87.633013741; 41.884688197 -87.636827836; 41.880432396 -87.624355843; 41.868278395 -87.639223526; 41.900519162 -87.624185113; 41.87799875 -87.642904147; 41.884498939 -87.625621911; 41.878592324 -87.627688328; 41.8562017 -87.629428501; 41.899410159 -87.624131266; 41.889453169 -87.627994833; 
41.901647758 -87.709408456; 41.918150989 -87.720509379; 41.892520244 -87.72110336; 41.896252678 -87.709931118; 41.895389368 -87.723944549; 
41.752807137 -87.558465012; 41.772924892 -87.57647941; 41.757614433 -87.586115266; 41.766829259 -87.572654511; 41.747719659 -87.596923115; 41.758148265 -87.567578222; 
41.745763619 -87.66575231; 41.750486532 -87.624955674; 41.756064436 -87.632356295; 41.783869954 -87.68376714; 41.764584136 -87.643010792; 41.776925486 -87.676281184; 41.755358678 -87.663560189; 41.753291949 -87.651385048; 41.742710224 -87.634088181; 41.774863428 -87.666565119; 41.778808738 -87.65934196; 41.764794335 -87.675085388; 41.78957661 -87.662030704; 41.753956586 -87.66643338; 
41.808992183 -87.604361115; 41.830763232 -87.607948532; 41.800439208 -87.587407706; 41.817911099 -87.610445116; 
41.899189017 -87.625650736; 41.884512384 -87.619812122; 41.891678767 -87.627551654; 41.896664035 -87.629175344; 41.885730721 -87.634972962; 41.879667054 -87.63696315; 41.909756218 -87.642183632; 
41.855000533 -87.67014187; 41.874059075 -87.675338675; 41.88605162 -87.67921491; 
41.867438661 -87.625288774; 41.882389156 -87.624374606; 41.878262498 -87.625374936; 
41.903279979 -87.671556335; 41.91466597 -87.684084881; 41.892497523 -87.661571121; 
41.956079378 -87.732546826; 41.954612887 -87.717836738; 41.949640324 -87.713238008; 
