41.876177493 -87.679638733; 41.917692894 -87.680703288; 41.883938619 -87.68309239; 41.907852199 -87.666395351; 41.932367654 -87.671358642; 41.919975178 -87.681025424; 41.903206037 -87.676361925; 41.869201889 -87.670589881; 41.896139381 -87.675839328; 41.91332547 -87.680464884; 41.934661759 -87.681419722; 41.924236365 -87.66328872; 
41.759727521 -87.592043057; 41.752297956 -87.605230173; 41.745230349 -87.605068182; 41.758772251 -87.585229528; 
41.891620575 -87.63148948; 41.885879253 -87.630979425; 41.884486956 -87.628581948; 41.880509252 -87.624358666; 41.885977661 -87.64131255; 41.882774244 -87.629427024; 41.880483386 -87.62773362; 41.884466819 -87.634266948; 41.887934346 -87.639954629; 41.878693542 -87.617438645; 41.893255699 -87.629176054; 41.88681597 -87.641986583; 41.895705767 -87.626409097; 41.883222953 -87.625635993; 
41.691577208 -87.631698516; 41.685418311 -87.613844869; 41.671313889 -87.622460662; 
41.776150283 -87.615522623; 41.772285481 -87.625115462; 41.777309867 -87.640802922; 
41.937227668 -87.644305471; 41.952730102 -87.650799902; 41.924671098 -87.639909759; 
41.879079395 -87.624341423; 41.882381731 -87.629412971; 41.881487914 -87.627755618; 
41.887704163 -87.674981991; 41.90982859 -87.677447594; 41.895896023 -87.677913394; 
41.976290414 -87.905227221; 41.976290414 -87.905227221; 41.976290414 -87.905227221; 
41.892660081 -87.634096811; 41.895917178 -87.63269493; 41.881623795 -87.626200793; 41.881951992 -87.633185359; 41.892042096 -87.624165033; 41.868173158 -87.63228938; 
41.825549718 -87.693476039; 41.825547403 -87.693553111; 41.825547117 -87.693501748; 
