41.899838342 -87.731858458; 41.895025738 -87.744722215; 41.909664252 -87.742728815; 
41.790121858 -87.647481895; 41.779743198 -87.645227698; 41.77171246 -87.654294989; 
41.758110656 -87.554633475; 41.740113452 -87.567275889; 41.75425769 -87.578487231; 41.761222214 -87.561068765; 41.765113547 -87.590184957; 
41.882429735 -87.627844406; 41.895374574 -87.620333997; 41.887338112 -87.624551258; 41.911160085 -87.635184465; 41.918578314 -87.636183854; 41.910613512 -87.640998756; 41.886511115 -87.618196037; 41.891990384 -87.611461502; 41.89032588 -87.625326217; 41.912009493 -87.645884676; 41.927834074 -87.65210165; 41.879426764 -87.629955817; 41.882429735 -87.627844406; 41.896726821 -87.624660488; 
41.941592322 -87.727261298; 41.963769905 -87.707104001; 41.946542649 -87.714356095; 
42.021178195 -87.672311469; 41.973923557 -87.657752098; 41.994749284 -87.671893435; 42.007311233 -87.682772082; 41.978189413 -87.672127354; 41.972440411 -87.689036625; 
41.903653785 -87.694434341; 41.895701171 -87.691024272; 41.911929659 -87.70775794; 
41.736944201 -87.650938817; 41.749657947 -87.66342156; 41.750564801 -87.649193107; 
41.853828887 -87.620685495; 41.868385458 -87.639229711; 41.897628634 -87.620944369; 41.843016958 -87.61722727; 41.86821682 -87.6304532; 41.884650262 -87.627915459; 
41.882004557 -87.694943832; 41.88285877 -87.700036086; 41.870910741 -87.680026509; 
41.879003134 -87.660471326; 41.884491256 -87.627494889; 41.881031663 -87.641167624; 41.88171846 -87.627760426; 
41.747633476 -87.662152692; 41.749657947 -87.66342156; 41.756057234 -87.654929158; 
41.879890416 -87.630832031; 41.884792337 -87.630947262; 41.880541389 -87.643148513; 
