41.695842213 -87.612242099; 41.69014947 -87.612082342; 41.692569761 -87.624397882; 
41.905514698 -87.643272669; 41.860295708 -87.659088972; 41.88233367 -87.627841791; 41.884284361 -87.622870035; 41.933582379 -87.645517082; 41.890265219 -87.631089305; 41.884069889 -87.6610902; 41.91050793 -87.637605278; 41.907057518 -87.627562296; 41.856084827 -87.6418111; 41.886017951 -87.624521781; 41.905776722 -87.631716503; 41.91071596 -87.631655068; 41.923756252 -87.64019526; 41.910021537 -87.631633283; 41.883417288 -87.655577605; 41.93467909 -87.636706827; 41.838066243 -87.644588578; 41.853951387 -87.632565837; 41.882394062 -87.627844798; 41.868380637 -87.625847449; 41.939136428 -87.645475777; 41.881493402 -87.627755557; 41.884305904 -87.660154954; 41.884086926 -87.659782676; 41.885481891 -87.627935689; 41.892816145 -87.624193198; 41.892942019 -87.63262828; 41.879225851 -87.646636417; 41.933582379 -87.645517082; 
41.75652833 -87.592570988; 41.764106016 -87.576256836; 41.773085006 -87.568335406; 41.769539234 -87.656664006; 41.764565666 -87.63586328; 41.752177836 -87.610109358; 41.752085496 -87.623021414; 41.734993723 -87.631918643; 41.779798546 -87.641648739; 41.769832606 -87.573649116; 
41.957242334 -87.732958703; 41.927364846 -87.6901739; 41.951079893 -87.679881244; 41.933611858 -87.687935447; 41.963381573 -87.671629675; 41.962079931 -87.710720134; 41.952396292 -87.718997699; 41.935735985 -87.699281681; 41.931008677 -87.670781017; 41.975085666 -87.677859651; 41.940128123 -87.701524354; 41.929521037 -87.670733937; 41.952673886 -87.722678644; 41.938476644 -87.698637058; 41.94199381 -87.6832674; 41.921593821 -87.667086373; 41.952682073 -87.701870947; 41.963706761 -87.685341106; 
41.791680278 -87.669379503; 41.796890577 -87.665874763; 41.789705338 -87.668120125; 41.831324141 -87.673670348; 41.815200841 -87.668788134; 
41.913499486 -87.685996164; 41.903304304 -87.670064675; 41.906554936 -87.661816846; 41.913139415 -87.699171042; 
41.911120869 -87.638219505; 41.922450893 -87.632206293; 41.896620292 -87.632341979; 
41.938999161 -87.650523667; 41.939905846 -87.654410045; 41.929544195 -87.65449788; 
41.897895128 -87.624096605; 41.891070406 -87.616613661; 41.88171846 -87.627760426; 41.891023035 -87.619141016; 41.876620177 -87.62428048; 41.904888868 -87.631476426; 41.883500187 -87.627876698; 
41.887765041 -87.625696039; 41.883500187 -87.627876698; 41.891678767 -87.627551654; 
41.764710137 -87.620059748; 41.780311146 -87.611663179; 41.783520979 -87.608455604; 
41.891487 -87.626712708; 41.868541914 -87.639235361; 41.887059444 -87.631006896; 41.88206533 -87.627492211; 
41.898435389 -87.690214494; 41.883578698 -87.709734846; 41.899271062 -87.698360593; 41.898314126 -87.695534411; 
