41.754441912 -87.633601696; 41.750772111 -87.624538423; 41.742991296 -87.632025815; 
41.779624533 -87.719193977; 41.760821473 -87.697165339; 41.795406536 -87.699911265; 41.779090123 -87.695158983; 41.777822236 -87.703108989; 
41.752896641 -87.559937193; 41.756617188 -87.562688944; 41.773085006 -87.568335406; 
41.891990384 -87.611461502; 41.93622849 -87.656716714; 41.869633794 -87.627474786; 41.883644527 -87.660620933; 41.881722193 -87.624356274; 41.884484068 -87.623213022; 41.891070406 -87.616613661; 41.928751307 -87.670025302; 41.88411981 -87.657439391; 41.886047242 -87.671267812; 41.90255864 -87.671148692; 41.910723346 -87.677471499; 41.90712916 -87.678085051; 41.892631803 -87.618362824; 41.936977427 -87.666999782; 41.942186378 -87.649339185; 41.881703396 -87.626203588; 41.939493089 -87.639532345; 41.886521245 -87.665923164; 41.886261339 -87.667005567; 41.87795526 -87.646635332; 41.862218265 -87.639087164; 
41.872875065 -87.725403155; 41.863861452 -87.719449481; 41.874473632 -87.710811069; 
41.963778355 -87.685384503; 41.958038427 -87.700810691; 41.947391147 -87.68706129; 
41.883475491 -87.627876969; 41.910677544 -87.631655489; 41.897895128 -87.624096605; 41.865397377 -87.640660777; 41.895993005 -87.635683921; 41.882381731 -87.629412971; 41.878638996 -87.627691486; 41.886439939 -87.632467972; 41.883500187 -87.627876698; 41.882249994 -87.629410745; 41.881883933 -87.640060441; 41.882249994 -87.629410745; 41.891694878 -87.626155832; 
41.901581792 -87.664065602; 41.889757156 -87.675034364; 41.889834621 -87.670372978; 41.914572448 -87.654623491; 41.909240284 -87.65274758; 41.903506392 -87.657657406; 
41.943933602 -87.777236784; 41.943903845 -87.77959688; 41.928076536 -87.785606186; 
41.898688787 -87.620201629; 41.88233367 -87.627841791; 41.890105335 -87.617638103; 
41.901059119 -87.634372512; 41.893061428 -87.617726306; 41.894563504 -87.622745105; 41.883500187 -87.627876698; 41.882394062 -87.627844798; 41.883500187 -87.627876698; 41.890013771 -87.631705393; 
41.939943264 -87.651924995; 41.931732732 -87.645051848; 41.938465561 -87.644347277; 
