41.932185741 -87.653841433; 41.903866454 -87.690744072; 41.922856023 -87.638812353; 41.896776733 -87.680288196; 41.907038559 -87.664276786; 41.925671935 -87.663347193; 41.915259074 -87.634136763; 41.940432128 -87.651067063; 41.937227668 -87.644305471; 41.917148686 -87.635299232; 41.929519303 -87.654465069; 41.939787914 -87.662357754; 41.922270202 -87.648648009; 41.911269954 -87.689685222; 
41.948805233 -87.762824809; 41.948190166 -87.759448371; 41.948872507 -87.745693854; 41.966059402 -87.737155987; 
41.892569363 -87.622006939; 41.886685701 -87.656046188; 41.889751946 -87.631072891; 41.883210775 -87.629906972; 41.884486956 -87.628581948; 41.888519671 -87.64282025; 41.884287279 -87.661660805; 
41.704370559 -87.637902149; 41.701915494 -87.669172212; 41.709548053 -87.644105331; 41.709940299 -87.651433241; 
41.8991175 -87.667375157; 41.886632038 -87.659987308; 41.891412551 -87.647934597; 41.889842586 -87.669851379; 41.889751946 -87.631072891; 41.885826897 -87.658868331; 41.865399465 -87.639188585; 41.886817001 -87.629059469; 41.884086926 -87.659782676; 41.896358373 -87.686859824; 41.899805495 -87.661582688; 41.881949766 -87.647367397; 41.913888208 -87.682428428; 41.884650262 -87.627915459; 41.892631323 -87.6182857; 41.892509386 -87.626069718; 
41.954535555 -87.651221802; 41.957082985 -87.665360216; 41.939138269 -87.645325062; 
41.886412499 -87.632468271; 41.875242791 -87.629223273; 41.891710139 -87.645841619; 41.899410159 -87.624131266; 41.879509982 -87.626525207; 41.894264966 -87.63266524; 41.884466997 -87.634296325; 
41.742710224 -87.634088181; 41.744594124 -87.647508597; 41.759444866 -87.634518627; 
41.868541914 -87.639235361; 41.874387379 -87.627117728; 41.882394062 -87.627844798; 
41.885487535 -87.726422045; 41.876860431 -87.725537965; 41.892554472 -87.725998887; 
41.800447956 -87.605455532; 41.810552766 -87.61818687; 41.803417249 -87.585796054; 
41.76006829 -87.562097869; 41.737431498 -87.547654384; 41.753629277 -87.549395585; 
