41.93772278 -87.640393199; 41.917243909 -87.642422501; 41.93512615 -87.639384889; 41.909240284 -87.65274758; 41.937227668 -87.644305471; 
41.954929356 -87.689477727; 41.95819857 -87.704485682; 41.956572978 -87.698317823; 
41.88233367 -87.627841791; 41.887631483 -87.619193484; 41.886809384 -87.643172863; 41.892485711 -87.627127745; 41.888438092 -87.624476665; 41.882394062 -87.627844798; 41.884650262 -87.627915459; 41.889539419 -87.634020667; 
41.875944838 -87.743623197; 41.877651228 -87.748348005; 41.884613271 -87.731332912; 41.881858277 -87.724091496; 41.87802873 -87.721777807; 
41.735982996 -87.632135039; 41.742710224 -87.634088181; 41.721180629 -87.623717187; 
41.746913851 -87.614855318; 41.761126784 -87.643088168; 41.75089655 -87.627813307; 
41.910499348 -87.676691266; 41.92046017 -87.67083136; 41.918133197 -87.651631649; 41.902987966 -87.690194524; 41.928972357 -87.641450731; 41.906797102 -87.671861659; 
41.721194359 -87.663966368; 41.72434642 -87.65302096; 41.725858695 -87.676153355; 
41.884493832 -87.627021129; 41.88171846 -87.627760426; 41.881883933 -87.640060441; 41.897895128 -87.624096605; 
41.896065069 -87.625486884; 41.884650262 -87.627915459; 41.897895128 -87.624096605; 41.888289527 -87.623971495; 
41.910368294 -87.684047609; 41.929743818 -87.684273777; 41.895763771 -87.685558236; 41.911205289 -87.700266632; 
