41.911669895 -87.631931184; 41.881988297 -87.630144384; 41.890988065 -87.621021833; 41.920839528 -87.638896686; 41.901094978 -87.62767204; 41.904370109 -87.631460067; 41.885753285 -87.626996239; 41.885191719 -87.624486846; 41.890812201 -87.631681964; 41.871556324 -87.624163883; 41.88233367 -87.627841791; 41.901073698 -87.63136393; 41.892382512 -87.634481809; 41.890180418 -87.636992207; 
41.946882022 -87.677130415; 41.960166196 -87.68621894; 41.963313064 -87.676425017; 
41.765131921 -87.587937781; 41.769231153 -87.569854828; 41.768969845 -87.57515125; 
41.758300229 -87.621069007; 41.77022217 -87.63866501; 41.763599764 -87.630474553; 41.757254773 -87.63179358; 
41.807067299 -87.718656857; 41.797436987 -87.729406273; 41.803253595 -87.72345032; 41.798289699 -87.718399673; 
41.884650262 -87.627915459; 41.885540838 -87.629492138; 41.893302982 -87.626152784; 41.885481891 -87.627935689; 41.882381731 -87.629412971; 
41.925404326 -87.651914367; 41.932778447 -87.645996134; 41.93706002 -87.63698597; 
41.912817856 -87.698090404; 41.929791229 -87.687815939; 41.932085457 -87.699152458; 41.908417822 -87.67740693; 41.930896787 -87.697587655; 41.911286302 -87.679464326; 
41.884790951 -87.624469241; 41.884162337 -87.624439467; 41.885741529 -87.631344503; 41.905033733 -87.64452317; 41.891874434 -87.647617474; 41.879893301 -87.627721751; 
41.831050399 -87.622717815; 41.841509547 -87.623284698; 41.859746945 -87.630270643; 
