41.950905262 -87.70915992; 41.950261944 -87.709449257; 41.945238279 -87.712670479; 41.96835917 -87.717424966; 
41.919873736 -87.698670791; 41.899648513 -87.715231596; 41.903433403 -87.709251481; 
41.886467402 -87.632471344; 41.899410159 -87.624131266; 41.911151209 -87.63598179; 41.874188446 -87.633622585; 41.876727916 -87.642862748; 41.867414944 -87.627231186; 41.881770084 -87.635309866; 41.879426764 -87.629955817; 41.878574487 -87.633743652; 41.882389156 -87.624374606; 41.88320956 -87.630156699; 41.880708104 -87.629919733; 41.876607964 -87.627644063; 41.885741029 -87.631711749; 41.879499198 -87.627002693; 
41.904910203 -87.683111065; 41.87102983 -87.676368411; 41.891844836 -87.672049008; 41.874029235 -87.677318051; 41.901357612 -87.669886463; 
41.864694124 -87.651546155; 41.895140898 -87.624255632; 41.875367424 -87.627620993; 41.899410159 -87.624131266; 41.878053886 -87.638849697; 41.892509386 -87.626069718; 41.884476226 -87.631310613; 41.88171846 -87.627760426; 
41.893118593 -87.680758857; 41.908294661 -87.682286874; 41.906132875 -87.667566751; 
41.942237669 -87.656605402; 41.932782967 -87.64583438; 41.955678727 -87.648261119; 
41.97008868 -87.762690091; 41.987075961 -87.780204997; 41.95920985 -87.778203301; 41.971476289 -87.745636906; 41.974254341 -87.77214454; 
41.891984471 -87.62416567; 41.879426921 -87.62998152; 41.8926701 -87.628106353; 41.865397377 -87.640660777; 
41.879845704 -87.629356347; 41.883211912 -87.631438294; 41.8945086 -87.622742041; 41.881770084 -87.635309866; 41.894173733 -87.621401474; 
