41.892753031 -87.624193896; 41.892993568 -87.622707414; 41.882357034 -87.629413242; 41.888045958 -87.625413826; 41.884534151 -87.646792573; 41.895455777 -87.625475247; 41.8929938 -87.62674752; 41.884069889 -87.6610902; 41.881493402 -87.627755557; 41.880417506 -87.627730673; 
41.950450274 -87.765291531; 41.963173534 -87.779555073; 41.950451908 -87.765067272; 
41.989324488 -87.693276749; 41.984924863 -87.702074723; 41.997767614 -87.687751129; 42.007683945 -87.693423888; 
41.909958467 -87.639771438; 41.906490653 -87.650451396; 41.919116842 -87.639918455; 41.917402098 -87.635454463; 41.917647199 -87.637858419; 
41.921606937 -87.665565006; 41.907752472 -87.673358003; 41.907470043 -87.672920073; 
41.875625633 -87.629450396; 41.89200307 -87.628076963; 41.882381731 -87.629412971; 41.895978014 -87.624275756; 
41.882470918 -87.627847625; 41.878011115 -87.620670248; 41.884650262 -87.627915459; 41.891694878 -87.626155832; 41.880255584 -87.627728782; 41.891113672 -87.625357917; 41.883368801 -87.632413402; 
41.916984111 -87.641205469; 41.920729648 -87.664299129; 41.907248908 -87.650593934; 41.92099044 -87.642532738; 41.909522907 -87.642175128; 41.896089327 -87.666209218; 41.912733991 -87.662123151; 
41.875367424 -87.627620993; 41.869527301 -87.639268759; 41.897211487 -87.625823165; 41.892509386 -87.626069718; 41.888519671 -87.64282025; 
41.876607964 -87.627644063; 41.884640562 -87.629465296; 41.891734597 -87.647637334; 41.881203182 -87.647342333; 
