41.791256378 -87.60660096; 41.795059807 -87.597096551; 41.802101704 -87.587747851; 41.824675709 -87.617013434; 41.809489652 -87.609688819; 41.821040704 -87.603248598; 
41.902084646 -87.636043721; 41.876663961 -87.64776174; 41.88249622 -87.624380767; 41.88033698 -87.629365643; 41.886547793 -87.633954138; 41.88033698 -87.629365643; 41.883500187 -87.627876698; 41.891475999 -87.62537228; 41.871361856 -87.629577951; 41.897622839 -87.621337454; 41.883500187 -87.627876698; 41.892509386 -87.626069718; 41.883500187 -87.627876698; 41.876663435 -87.64767362; 41.897895128 -87.624096605; 41.878227661 -87.626847784; 41.896772914 -87.621464432; 41.885901992 -87.632455489; 41.893300916 -87.626262992; 41.881134558 -87.647339394; 41.896010965 -87.624279065; 41.87770039 -87.636668714; 
41.904686205 -87.770597831; 41.91370782 -87.786776151; 41.92656204 -87.778243892; 41.92086582 -87.777275445; 
41.765997125 -87.66382344; 41.749673917 -87.66948272; 41.755181629 -87.673274175; 
41.931582647 -87.742772889; 41.931582515 -87.742747165; 41.926085074 -87.747420684; 
41.941603083 -87.662570288; 41.951500243 -87.648419827; 41.927170628 -87.654993417; 41.921604898 -87.665686285; 41.944730918 -87.66153401; 41.919850288 -87.663621208; 41.931446539 -87.638994796; 41.962361027 -87.654756322; 
41.739727015 -87.604910522; 41.736148121 -87.629070243; 41.744979786 -87.612333804; 41.73436095 -87.588073849; 
41.881770084 -87.635309866; 41.89537651 -87.632686147; 41.890243266 -87.631089546; 41.883500187 -87.627876698; 41.881770084 -87.635309866; 
41.930049492 -87.685920733; 41.910156907 -87.703745073; 41.930896787 -87.697587655; 41.921021491 -87.69730355; 
41.809347098 -87.618919216; 41.807499342 -87.590234482; 41.814607616 -87.600581412; 41.794257212 -87.620832396; 
41.892509386 -87.626069718; 41.896010965 -87.624279065; 41.883210775 -87.629906972; 41.882529537 -87.626223856; 41.900170246 -87.62723776; 
41.903919035 -87.630396032; 41.896888586 -87.628203192; 41.891199446 -87.624137626; 41.908962044 -87.631597128; 
