41.895900086 -87.677663589; 41.87802357 -87.641556267; 41.896564682 -87.636280076; 41.895002822 -87.621454706; 41.915922446 -87.705231551; 41.938529064 -87.6686192; 41.912406937 -87.680602833; 41.881183104 -87.68498211; 41.902614327 -87.637408128; 41.914202647 -87.631903454; 41.916878809 -87.654363905; 41.914202647 -87.631903454; 41.883169873 -87.643065141; 41.895931553 -87.640037089; 41.909920905 -87.642189203; 41.914733936 -87.686402534; 41.90687774 -87.648173298; 41.881833712 -87.643112572; 41.887620806 -87.618800643; 41.91687502 -87.636327315; 41.899832337 -87.629860487; 41.903335416 -87.668326825; 41.917498023 -87.696335471; 41.894158985 -87.622121524; 41.931120002 -87.676784841; 41.884476226 -87.631310613; 
41.909384533 -87.765064273; 41.901917604 -87.765648428; 41.902579169 -87.755783201; 41.887731576 -87.765439838; 
41.761580609 -87.590874485; 41.756679643 -87.56998895; 41.75888559 -87.575306614; 41.76587359 -87.576294705; 41.770990323 -87.572762983; 41.765512724 -87.562879407; 
41.972364558 -87.656304974; 41.961387612 -87.654887983; 41.963626362 -87.653408187; 41.962361027 -87.654756322; 
41.881822663 -87.744623074; 41.858303435 -87.715189395; 41.877070503 -87.726861538; 41.869690264 -87.717914102; 41.877018518 -87.731062705; 41.864033702 -87.717792133; 41.871833434 -87.726665048; 
41.93786671 -87.716123338; 41.954614809 -87.708035521; 41.93937377 -87.700583524; 
41.786449647 -87.643755294; 41.794095289 -87.660425004; 41.794533814 -87.631438536; 
41.887472275 -87.646173514; 41.9109337 -87.647251872; 41.90536308 -87.641790193; 
41.976290414 -87.905227221; 41.976290414 -87.905227221; 41.976290414 -87.905227221; 41.979006297 -87.906463155; 
41.867346388 -87.632166244; 41.895140898 -87.624255632; 41.883210775 -87.629906972; 41.897895128 -87.624096605; 41.868761025 -87.627458687; 41.894066784 -87.628531735; 
41.875683703 -87.626394792; 41.882470918 -87.627847625; 41.881582612 -87.626197575; 41.881074162 -87.632339332; 
41.895993005 -87.635683921; 41.881582612 -87.626197575; 41.883500187 -87.627876698; 
41.976459056 -87.711131739; 41.994522241 -87.700747539; 41.988986149 -87.715162615; 
