41.877718066 -87.720642462; 41.916299415 -87.703912502; 41.903477761 -87.732489193; 41.88442838 -87.707526851; 41.93784974 -87.72528629; 41.884613136 -87.731307206; 41.931780735 -87.727593069; 41.930613228 -87.70993476; 41.910584295 -87.717785967; 
41.887819797 -87.768303638; 41.909384533 -87.765064273; 41.937521982 -87.765237208; 41.924622615 -87.773310949; 41.895712919 -87.756844122; 41.912843356 -87.780464288; 
41.731845173 -87.602288494; 41.755818807 -87.612615652; 41.75048339 -87.599101334; 41.780217525 -87.616874156; 41.774211962 -87.611881863; 
41.797878636 -87.676848352; 41.80288982 -87.689476369; 41.800615481 -87.689106709; 
41.921595072 -87.666829147; 41.907446122 -87.650070174; 41.894391773 -87.653301919; 41.907794034 -87.673427375; 41.907148528 -87.649404745; 41.894083107 -87.677612388; 41.93859561 -87.649576033; 41.897545703 -87.688159143; 41.905275533 -87.682203669; 41.924270193 -87.635791177; 41.922325841 -87.65107994; 41.92187576 -87.64463969; 
41.867013845 -87.625822134; 41.883500187 -87.627876698; 41.853856172 -87.631803395; 41.87766908 -87.629284766; 41.896704058 -87.626309934; 41.881776822 -87.620767948; 41.886229343 -87.622315982; 41.89144754 -87.617681884; 41.87766908 -87.629284766; 
41.782395353 -87.793311842; 41.795049236 -87.800349419; 41.791943946 -87.801211234; 41.775896542 -87.779412999; 
41.797636718 -87.763672442; 41.797906143 -87.753892765; 41.799357387 -87.752709764; 
41.868385458 -87.639229711; 41.91656976 -87.635316564; 41.868385458 -87.639229711; 41.867405488 -87.627925177; 41.911091345 -87.64014493; 41.893259407 -87.628885858; 41.8857508 -87.627484697; 41.883208906 -87.63319367; 41.892753031 -87.624193896; 41.890034161 -87.630103892; 41.909924812 -87.634672572; 41.924277399 -87.636526022; 41.922270202 -87.648648009; 
41.909588772 -87.748894125; 41.908130765 -87.733830549; 41.899458569 -87.731131055; 
41.992735668 -87.681114361; 41.991188263 -87.690903855; 41.992826825 -87.690953592; 
41.891412551 -87.647934597; 41.890013524 -87.631664996; 41.891465732 -87.624153044; 41.891679873 -87.627731607; 41.882457198 -87.627847776; 
