41.879745077 -87.627716038; 41.89484426 -87.630462495; 41.885540838 -87.629492138; 41.890379426 -87.646340681; 41.857279216 -87.623917855; 41.891662431 -87.628466349; 41.913187022 -87.64592715; 41.868541914 -87.639235361; 41.878498359 -87.635213281; 41.91922562 -87.642485634; 41.881883933 -87.640060441; 41.884484068 -87.623213022; 41.889934315 -87.637589849; 41.914204099 -87.633490624; 41.882076985 -87.626709904; 
41.960494109 -87.68209036; 41.952776176 -87.682360098; 41.939300539 -87.711794487; 41.93576532 -87.702614874; 42.011956111 -87.663038536; 42.00851291 -87.667883749; 42.01526807 -87.672457312; 41.950992166 -87.68231208; 41.950781768 -87.698151062; 42.01034291 -87.66592922; 41.930883677 -87.687860049; 41.9753232 -87.666688476; 42.010791876 -87.678126077; 41.94752559 -87.679785209; 41.92577545 -87.695003735; 41.990909759 -87.660960362; 41.927228961 -87.691391622; 42.018156249 -87.668879865; 41.977026469 -87.673661933; 42.013201177 -87.690240808; 
41.910116718 -87.677444645; 41.896889363 -87.673109903; 41.906788806 -87.671850724; 
41.892213756 -87.751895283; 41.879782639 -87.723905577; 41.893679767 -87.75800467; 41.878064761 -87.743354013; 41.882310798 -87.735526169; 41.909664252 -87.742728815; 41.877498158 -87.760444798; 
41.958736385 -87.646526104; 41.939106042 -87.647736519; 41.957537138 -87.656222966; 41.944539064 -87.647648907; 
41.768284508 -87.623370607; 41.755560226 -87.623093051; 41.806977392 -87.593552632; 41.799204348 -87.584044296; 41.783497266 -87.612100439; 41.79544659 -87.619242305; 41.803413431 -87.586052837; 41.804053199 -87.6079418; 
41.978108533 -87.711170849; 41.957739227 -87.729332637; 41.970963361 -87.71588115; 
41.733129537 -87.555481176; 41.75182161 -87.559638593; 41.75182161 -87.559638593; 
41.883641965 -87.648579514; 41.903775756 -87.639324074; 41.883227545 -87.648572922; 41.8945086 -87.622742041; 41.883475491 -87.627876969; 41.909804314 -87.651606387; 41.88368779 -87.633871488; 41.881467339 -87.626195174; 41.891694878 -87.626155832; 41.879408556 -87.631465229; 41.880501243 -87.633792406; 41.884476226 -87.631310613; 41.884350397 -87.656985264; 41.916336088 -87.634797379; 
41.882394062 -87.627844798; 41.868541914 -87.639235361; 41.892505345 -87.626304822; 41.884924096 -87.630953163; 
41.946299383 -87.733145931; 41.960972371 -87.725779792; 41.941849296 -87.716257686; 
41.810334631 -87.674399277; 41.80779181 -87.703963414; 41.811510619 -87.690637223; 
41.955386798 -87.679616664; 41.951314653 -87.685959242; 41.938545561 -87.693748034; 
