41.895363905 -87.726390989; 41.880658831 -87.731336981; 41.866232957 -87.720564898; 
41.868541914 -87.639235361; 41.884497529 -87.625838595; 41.876645737 -87.635171022; 41.872709056 -87.624187857; 41.896685066 -87.627683859; 41.879235852 -87.624347038; 41.895002822 -87.621454706; 41.884534151 -87.646792573; 41.884497778 -87.625878988; 41.890455604 -87.6241128; 41.870550571 -87.626168646; 41.878638996 -87.627691486; 41.886815123 -87.625629401; 41.881949766 -87.647367397; 41.90265577 -87.628455651; 41.903996883 -87.643230238; 41.882774244 -87.629427024; 41.88394013 -87.625341638; 41.884961159 -87.654455905; 41.88022879 -87.632315523; 41.878227661 -87.626847784; 41.883500187 -87.627876698; 
41.936946881 -87.655220604; 41.943567408 -87.652687716; 41.926126692 -87.649712868; 41.948040792 -87.649508191; 41.964863437 -87.652387549; 41.935581084 -87.640647925; 41.939923405 -87.668667203; 41.955720029 -87.645988645; 41.925428086 -87.650370746; 41.962125427 -87.666061294; 
41.932078509 -87.700380001; 41.949668125 -87.712796608; 41.921304668 -87.683672187; 41.922876508 -87.708283041; 41.954095185 -87.712915425; 41.936464326 -87.72226363; 41.913376455 -87.670206562; 
41.762193495 -87.662877; 41.740918989 -87.631967753; 41.767554672 -87.613690314; 41.753367468 -87.642892778; 41.790252612 -87.615871353; 41.760678384 -87.666132873; 41.730624749 -87.59982943; 41.771226317 -87.611468084; 41.774077353 -87.630004568; 41.736266551 -87.627350589; 41.769667632 -87.654239573; 41.73639458 -87.621857018; 41.732943716 -87.608482329; 41.779704696 -87.647508582; 
41.801534834 -87.729525503; 41.801499592 -87.750328487; 41.805049913 -87.732074636; 41.788987036 -87.74147999; 
41.791607016 -87.665735226; 41.804022532 -87.675791679; 41.803906759 -87.670925776; 
41.689821778 -87.626478351; 41.681046349 -87.614684294; 41.685070409 -87.643030376; 
41.881770084 -87.635309866; 41.869527301 -87.639268759; 41.892816145 -87.624193198; 
41.882381731 -87.629412971; 41.879845704 -87.629356347; 41.87766908 -87.629284766; 
41.878113603 -87.634218691; 41.882381731 -87.629412971; 41.884471643 -87.633257003; 41.897733956 -87.62822695; 41.893374793 -87.621784977; 41.891316439 -87.631118191; 41.882389156 -87.624374606; 41.879235852 -87.624347038; 41.892505345 -87.626304822; 41.89250977 -87.626132152; 41.86724511 -87.640347123; 41.871437004 -87.627513693; 41.885741529 -87.631344503; 
41.867698121 -87.64220362; 41.882093928 -87.635313686; 41.882249994 -87.629410745; 
41.917407385 -87.70579017; 41.946363755 -87.728157137; 41.939300539 -87.711794487; 41.927273891 -87.704469775; 
