41.937227668 -87.644305471; 41.880952946 -87.617141687; 41.852337054 -87.631999849; 41.865062409 -87.625777568; 41.907056567 -87.634586291; 41.884276844 -87.622098929; 41.884476226 -87.631310613; 41.8829238 -87.627861004; 41.890851747 -87.628728678; 41.896729066 -87.624579657; 41.871811902 -87.627340674; 41.885741029 -87.631711749; 41.9251405 -87.63585519; 41.893893173 -87.615127644; 41.880887059 -87.619782686; 
41.797534549 -87.676184401; 41.779012821 -87.664208692; 41.781326622 -87.647516964; 41.759069905 -87.647896935; 41.762518238 -87.646767954; 41.7608669 -87.645513704; 41.791177259 -87.675438928; 
41.942760669 -87.663899779; 41.954348211 -87.664624092; 41.958334247 -87.673887842; 
41.827912557 -87.637773826; 41.81691816 -87.633567673; 41.830063847 -87.643654323; 41.814474202 -87.638737284; 
41.918405165 -87.675199297; 41.910368065 -87.684007199; 41.914778908 -87.693448965; 41.917959142 -87.703815359; 
41.762001029 -87.574991381; 41.778321993 -87.586402872; 41.752677479 -87.584435409; 41.757962394 -87.582240873; 
41.853127184 -87.719174068; 41.882002466 -87.729047602; 41.871779228 -87.713939731; 
41.914434094 -87.654430232; 41.926990092 -87.650923676; 41.928802262 -87.666504236; 
41.876299967 -87.650692112; 41.878169847 -87.629051607; 41.899410159 -87.624131266; 41.872709056 -87.624187857; 41.877822179 -87.655181405; 41.890384236 -87.624109917; 41.883208368 -87.634456935; 41.887933042 -87.632506739; 41.901906863 -87.628052474; 
41.917783404 -87.688954735; 41.877470199 -87.678222877; 41.895896023 -87.677913394; 41.907154073 -87.676681465; 
41.906594568 -87.643503498; 41.900870422 -87.624184899; 41.893223483 -87.63153437; 
41.879396635 -87.632658775; 41.889934315 -87.637589849; 41.904583499 -87.630006701; 41.868541914 -87.639235361; 41.889016567 -87.650193151; 41.880108035 -87.647309981; 
41.876607964 -87.627644063; 41.88249622 -87.624380767; 41.875367424 -87.627620993; 41.868541914 -87.639235361; 
41.861456291 -87.731146356; 41.879632152 -87.736531579; 41.841836285 -87.733000162; 
41.885741029 -87.631711749; 41.878584092 -87.627688418; 41.883475491 -87.627876969; 
41.853999046 -87.676858398; 41.862132355 -87.666264958; 41.877822179 -87.655181405; 
