41.899766078 -87.663761319; 41.890265219 -87.631089305; 41.877813603 -87.632723803; 41.90394963 -87.628224686; 41.881203182 -87.647342333; 41.880830829 -87.623995243; 41.883475491 -87.627876969; 41.883811502 -87.639789887; 41.884492937 -87.624648808; 41.907064351 -87.681645467; 41.889906681 -87.624100509; 41.889934455 -87.652262092; 41.903069092 -87.684128913; 
41.746700423 -87.607532416; 41.768442516 -87.591055633; 41.758261409 -87.593218111; 
41.878285317 -87.714350595; 41.87322353 -87.686219143; 41.892438086 -87.7089031; 41.882862172 -87.69965781; 41.910946711 -87.711705917; 
41.793159155 -87.605890048; 41.798620812 -87.605974979; 41.790872026 -87.606143261; 
41.932327385 -87.685467713; 41.92510186 -87.671992307; 41.932084664 -87.644706283; 41.938044578 -87.657083435; 41.925398601 -87.652337017; 41.940251326 -87.649275328; 41.940510399 -87.644413477; 
41.962261637 -87.65233804; 41.962165574 -87.652335386; 41.963653562 -87.651054693; 
41.917152303 -87.636346343; 41.892927943 -87.626748246; 41.896343018 -87.624279065; 41.868541914 -87.639235361; 41.93991842 -87.653288878; 41.882980737 -87.65693728; 41.947225886 -87.655545441; 41.894544296 -87.622745318; 41.889179863 -87.633110109; 41.904560639 -87.637515564; 41.853805065 -87.632872093; 41.87813609 -87.632055653; 41.892904362 -87.614547398; 41.870366594 -87.627488753; 41.884491256 -87.627494889; 41.885988711 -87.648649938; 41.885999688 -87.648649821; 41.880775433 -87.627029031; 41.932790796 -87.645308756; 41.884493583 -87.626980736; 
41.719030891 -87.590565952; 41.707942233 -87.575191226; 41.719030891 -87.590565952; 
41.891404732 -87.628061509; 41.894465726 -87.624241063; 41.878638996 -87.627691486; 41.889240249 -87.62907325; 
41.895729959 -87.624991059; 41.865062409 -87.625777568; 41.88171846 -87.627760426; 
41.743642712 -87.569762302; 41.736409029 -87.562410309; 41.758996747 -87.565596274; 
