42.021162087 -87.671421028; 42.008901585 -87.678686361; 42.021127568 -87.667351091; 
41.881374861 -87.64851926; 41.857701837 -87.651558026; 41.861698243 -87.651688112; 41.88781145 -87.668359313; 41.888243536 -87.624522887; 41.904461469 -87.63293948; 41.874445284 -87.627609107; 41.874029235 -87.677318051; 41.880404956 -87.624356147; 41.890030224 -87.630357348; 41.883659738 -87.632421239; 41.898453891 -87.688131636; 41.904525711 -87.674871653; 41.886668685 -87.657350093; 41.865397377 -87.640660777; 41.88155072 -87.661098246; 41.900682046 -87.644176902; 41.86938727 -87.658596922; 41.871371147 -87.627514417; 41.85986467 -87.623977381; 41.904146193 -87.675687389; 41.905956748 -87.680866913; 
41.814793078 -87.698091529; 41.800051417 -87.706195662; 41.789128248 -87.709558342; 41.800167577 -87.698863145; 
41.975310221 -87.653247149; 41.943856882 -87.671217752; 41.98640895 -87.65670056; 41.962449891 -87.659594068; 41.997204204 -87.661773344; 41.9308703 -87.64082017; 41.937889819 -87.645353184; 41.945310335 -87.65972677; 41.93614707 -87.662013688; 41.975729415 -87.654989539; 
41.69134989 -87.650454329; 41.682624929 -87.631206385; 41.694013935 -87.65590007; 41.696874402 -87.641307686; 41.686093179 -87.664700093; 
41.740533608 -87.639003401; 41.780201721 -87.687331225; 41.768292746 -87.686094404; 41.735453163 -87.648485175; 41.736264617 -87.627929503; 41.760357935 -87.670985325; 41.746705412 -87.663950624; 41.740918989 -87.631967753; 
41.81067058 -87.621248438; 41.791372273 -87.608004118; 41.792406271 -87.617534191; 41.801291795 -87.616140652; 
41.91873977 -87.770665442; 41.920603726 -87.779258233; 41.913153534 -87.794918776; 
41.871371147 -87.627514417; 41.878260207 -87.625448401; 41.895003278 -87.62152816; 41.881770084 -87.635309866; 41.891404732 -87.628061509; 41.8926701 -87.628106353; 
41.853961147 -87.679354791; 41.856704529 -87.679682905; 41.86696598 -87.69591585; 
41.790857624 -87.607771565; 41.790857624 -87.607771565; 41.790147457 -87.622352022; 
