41.775413925 -87.645889882; 41.700076555 -87.671033035; 41.723563469 -87.623397916; 41.751655657 -87.645285886; 41.767736388 -87.65297329; 41.742211951 -87.665660852; 41.737784187 -87.651439217; 41.76223719 -87.660024894; 41.771325476 -87.660351436; 41.706239439 -87.624427175; 41.713896022 -87.666594939; 41.740918989 -87.631967753; 41.722690314 -87.654195973; 
41.852905207 -87.627981752; 41.903996883 -87.643230238; 41.876607964 -87.627644063; 41.861335178 -87.625690175; 41.883210464 -87.634350417; 41.896699994 -87.62654138; 41.87690443 -87.628999406; 41.890878081 -87.627207889; 41.910600688 -87.631652657; 41.890824943 -87.630176017; 41.871811902 -87.627340674; 41.905319332 -87.625156909; 41.890132638 -87.621589582; 41.916939178 -87.654363265; 41.900870422 -87.624184899; 
41.905676465 -87.695453791; 41.903417753 -87.694429347; 41.919117349 -87.686071664; 41.910546378 -87.673406375; 
41.808682769 -87.630898966; 41.820248497 -87.616020877; 41.824728209 -87.643524474; 41.808912847 -87.632624089; 41.828762287 -87.614436164; 
41.853483171 -87.725737316; 41.881088655 -87.720764494; 41.836779785 -87.733227232; 41.854810293 -87.704126667; 41.847283961 -87.718532618; 41.866148185 -87.726825268; 
42.019399237 -87.675049485; 42.018498254 -87.672983233; 41.997318381 -87.662997191; 42.005836834 -87.664964508; 41.985521848 -87.673070333; 
41.757630995 -87.585708249; 41.762316113 -87.597705567; 41.765285027 -87.577349965; 
41.871811902 -87.627340674; 41.868980135 -87.657962371; 41.88184935 -87.641606807; 41.870389764 -87.625902397; 41.893373278 -87.621983327; 41.874050049 -87.627598768; 41.885384381 -87.629486511; 41.872013415 -87.627533053; 41.88590949 -87.65565042; 41.867264863 -87.666395171; 41.869843417 -87.684902121; 
41.901766849 -87.717745768; 41.889896295 -87.722564425; 41.873577205 -87.71504959; 41.907272203 -87.729191411; 
41.885495793 -87.618644375; 41.86821682 -87.6304532; 41.891037284 -87.618343879; 41.884790951 -87.624469241; 
