41.922913834 -87.645223803; 41.870389764 -87.625902397; 41.932145724 -87.639351045; 41.871523378 -87.63355619; 41.932778447 -87.645996134; 41.867428687 -87.626342565; 41.853828887 -87.620685495; 41.92527195 -87.65970977; 41.910676312 -87.649187069; 41.89036711 -87.626673634; 41.882394062 -87.627844798; 41.853910939 -87.625522419; 41.925398449 -87.652311296; 41.896472326 -87.643252484; 41.936046155 -87.636780157; 41.881624191 -87.629391908; 41.93443676 -87.65489805; 41.863276227 -87.642053002; 41.881682465 -87.653642339; 41.895993005 -87.635683921; 41.903890702 -87.632045722; 41.914420198 -87.685270418; 41.850562964 -87.623746154; 41.883181343 -87.639958282; 41.931677573 -87.655151468; 41.848131849 -87.640424984; 41.870389764 -87.625902397; 41.92280678 -87.674220732; 41.886190872 -87.624527215; 41.883057972 -87.652360831; 41.943726715 -87.671487428; 41.939105449 -87.647637287; 41.851078138 -87.626295077; 
41.852233774 -87.671950642; 41.878311895 -87.681460319; 41.852045705 -87.684200992; 41.830812527 -87.694828962; 41.881185703 -87.684956378; 41.779176188 -87.689434991; 41.794802179 -87.677308812; 41.87102983 -87.676368411; 41.807534146 -87.681382397; 41.806145915 -87.684356439; 41.774643441 -87.69449918; 41.850135159 -87.69142893; 41.823042962 -87.68057571; 
41.915729613 -87.746056778; 41.954626632 -87.727645162; 41.929277809 -87.713163312; 41.900458747 -87.751607442; 41.917234781 -87.775491899; 41.925980406 -87.75492176; 41.923357892 -87.727959362; 41.880186421 -87.768532463; 41.93948442 -87.727196722; 41.959940841 -87.715550049; 41.889992497 -87.76205198; 41.902800598 -87.770533574; 41.930858485 -87.720832436; 41.917091011 -87.732317425; 41.946648722 -87.702084879; 41.886280777 -87.761750855; 41.893876639 -87.76060698; 
41.810688089 -87.603920053; 41.809487437 -87.588307789; 41.815700418 -87.616768627; 41.79612454 -87.619260451; 41.79544659 -87.619242305; 41.811898033 -87.613883795; 
41.860110336 -87.726214213; 41.847361883 -87.719761396; 41.873907046 -87.725430093; 41.84566219 -87.722148537; 
41.750379383 -87.654948633; 41.746664567 -87.667311372; 41.748272846 -87.650038305; 
41.989547243 -87.660253739; 41.962398697 -87.646324994; 41.968621139 -87.659514334; 41.974325264 -87.67064484; 41.978694443 -87.663622849; 41.999472707 -87.660675239; 41.974146947 -87.65980913; 
41.754276273 -87.612577936; 41.75362524 -87.623052081; 41.748724179 -87.621321454; 
41.800483161 -87.587414531; 41.799462885 -87.596008257; 41.790857624 -87.607771565; 41.781473446 -87.608409003; 
41.961617285 -87.65474583; 41.991262667 -87.660305558; 41.954607083 -87.647107189; 41.925398449 -87.652311296; 41.912098073 -87.648308514; 41.994567578 -87.65905678; 41.979020089 -87.655053915; 41.938713675 -87.642709031; 
41.885481891 -87.627935689; 41.888808508 -87.632515533; 41.889126004 -87.637341538; 41.875679322 -87.62657476; 41.876556349 -87.631760814; 
41.91712622 -87.652120014; 41.906765739 -87.659856598; 41.910764867 -87.658120918; 
41.904370109 -87.631460067; 41.886531228 -87.626319283; 41.887711996 -87.617139647; 41.884162337 -87.624439467; 41.889575091 -87.634020278; 41.87285385 -87.632576028; 
