41.889011608 -87.668993244; 41.885999688 -87.648649821; 41.892085855 -87.6144317; 41.878630716 -87.636673298; 41.912602833 -87.685149193; 41.885741029 -87.631711749; 41.924840078 -87.69409072; 41.887472275 -87.646173514; 41.908201931 -87.680454639; 41.883224344 -87.624971297; 41.889747139 -87.675680852; 41.925845151 -87.698666731; 41.90214763 -87.632865587; 41.881883933 -87.640060441; 41.923696844 -87.69281235; 41.88603939 -87.647485237; 41.892904362 -87.614547398; 41.885741029 -87.631711749; 41.879890416 -87.630832031; 41.875070002 -87.640974928; 41.881213396 -87.627740277; 41.88529876 -87.624489335; 41.898333269 -87.62750777; 41.878739138 -87.677453482; 41.909638227 -87.67631067; 41.888757117 -87.633988801; 41.915051878 -87.669031879; 41.88529876 -87.624489335; 41.892505345 -87.626304822; 41.883644527 -87.660620933; 
41.957868218 -87.729335096; 41.972328894 -87.738016872; 41.948676516 -87.738012752; 41.914634452 -87.746015381; 41.938121836 -87.731616458; 41.97598991 -87.749284043; 41.947022392 -87.748280324; 41.923159823 -87.74261907; 
41.928138239 -87.651102531; 41.925406329 -87.651789407; 41.940380318 -87.649277625; 41.928287867 -87.643078736; 
41.871863056 -87.707131734; 41.882029114 -87.72681465; 41.865370709 -87.721490944; 41.885918715 -87.733799546; 41.860577494 -87.733122246; 41.884070918 -87.722171886; 41.870256169 -87.745797631; 
41.704494076 -87.617349244; 41.704940587 -87.613704162; 41.702527006 -87.63664765; 41.687581283 -87.620963607; 41.68508339 -87.611201716; 
42.001032737 -87.665603433; 41.977068885 -87.657832862; 41.972177117 -87.650603352; 41.989759395 -87.673158965; 41.973297908 -87.655894248; 
41.743546915 -87.567326684; 41.733129537 -87.555481176; 41.7582723 -87.561507298; 
41.834650079 -87.616847182; 41.855541035 -87.620200311; 41.866312328 -87.61012406; 41.835686337 -87.620644613; 
41.891694878 -87.626155832; 41.895140898 -87.624255632; 41.871856553 -87.625232676; 41.880775433 -87.627029031; 41.885741029 -87.631711749; 41.910908703 -87.649041307; 41.881944424 -87.634195294; 41.871489164 -87.627516791; 41.883475491 -87.627876969; 41.91114034 -87.636904049; 41.893471454 -87.628112229; 41.903996883 -87.643230238; 41.920154403 -87.638143517; 41.885481891 -87.627935689; 41.932892608 -87.64033523; 41.883222953 -87.625635993; 41.881493402 -87.627755557; 41.905379201 -87.649522814; 41.885888079 -87.627942238; 41.895140898 -87.624255632; 
41.935700847 -87.704368618; 41.878645771 -87.72067032; 41.912656537 -87.717850558; 41.898113228 -87.723723978; 41.92938643 -87.707892425; 
41.909264548 -87.774727351; 41.911542759 -87.785078909; 41.922511277 -87.77932257; 
41.774974401 -87.728781177; 41.77586728 -87.730011948; 41.786811814 -87.726418585; 
41.880509252 -87.624358666; 41.898767916 -87.624116333; 41.880459999 -87.626162215; 
41.882774244 -87.629427024; 41.891990384 -87.611461502; 41.897837503 -87.624097243; 
41.773556277 -87.664056445; 41.765997125 -87.66382344; 41.780616395 -87.669094009; 
