41.889751946 -87.631072891; 41.873333547 -87.662821937; 41.874680746 -87.683792083; 41.900588156 -87.628706133; 41.854883902 -87.678993008; 41.884608472 -87.660743026; 41.901125857 -87.631367032; 41.888165132 -87.622937212; 41.881546939 -87.626197968; 41.88144074 -87.648522229; 41.892753031 -87.624193896; 41.894431613 -87.631194255; 41.870856215 -87.680089481; 41.877139919 -87.681428167; 41.885741029 -87.631711749; 41.88336939 -87.633860272; 41.891835778 -87.618331301; 
41.845157343 -87.725269253; 41.85384608 -87.715063469; 41.862853002 -87.71562282; 41.840142173 -87.706127305; 
41.906132875 -87.667566751; 41.901120388 -87.695337514; 41.907535827 -87.683488525; 41.898735224 -87.686920334; 41.889917049 -87.701545615; 
41.920066848 -87.644104311; 41.915193169 -87.649623812; 41.953552585 -87.647905229; 41.96245015 -87.64255203; 41.927493325 -87.658528837; 41.937881528 -87.645801672; 
41.684809877 -87.642147208; 41.684809877 -87.642147208; 41.696186422 -87.626566113; 
41.914385869 -87.711823182; 41.90683577 -87.728130174; 41.915833808 -87.737517112; 
42.003072617 -87.696682001; 41.986293748 -87.700494291; 41.974013516 -87.697030328; 
41.959715934 -87.673167678; 41.947673037 -87.672464852; 41.974146947 -87.65980913; 
41.879890416 -87.630832031; 41.88033698 -87.629365643; 41.88033698 -87.629365643; 41.886554425 -87.630994065; 41.868385458 -87.639229711; 
42.014911903 -87.671128898; 42.00372408 -87.657977763; 41.981693509 -87.666864773; 41.994398631 -87.672474615; 
41.740918989 -87.631967753; 41.748047232 -87.643968533; 41.721689256 -87.626539467; 
41.885888079 -87.627942238; 41.86821682 -87.6304532; 41.884487942 -87.628295495; 41.853923262 -87.634706098; 41.895675136 -87.628569146; 41.879410537 -87.631340358; 41.884486956 -87.628581948; 
41.879538326 -87.625335149; 41.882389156 -87.624374606; 41.886554425 -87.630994065; 41.86821682 -87.6304532; 
41.88171846 -87.627760426; 41.896888586 -87.628203192; 41.883210775 -87.629906972; 
