41.788252809 -87.626622824; 41.770265624 -87.615379281; 41.779120086 -87.615599494; 
41.694364039 -87.626542126; 41.677033541 -87.623865592; 41.690459038 -87.613309074; 
41.782606243 -87.654579713; 41.769661014 -87.670017178; 41.791560613 -87.65966677; 41.782586878 -87.658279436; 41.800863342 -87.664766276; 
41.922649528 -87.767158655; 41.882852254 -87.768211533; 41.872924943 -87.744991122; 41.886028822 -87.755274922; 41.902064444 -87.770951454; 41.910087301 -87.761795691; 41.87385078 -87.762595965; 
41.92429378 -87.742200726; 41.908602486 -87.722838013; 41.938955106 -87.723629178; 41.903775535 -87.723901545; 41.921396483 -87.732798797; 41.937246945 -87.720815413; 41.903775535 -87.723901545; 
41.882184889 -87.768665424; 41.8820503 -87.752681482; 41.894958388 -87.753600348; 
41.891060252 -87.768759881; 41.901073186 -87.775331379; 41.880783054 -87.773245905; 41.888501259 -87.76514656; 
41.914982044 -87.706897788; 41.904419476 -87.729956677; 41.89802912 -87.715177423; 
41.943122315 -87.649365938; 41.932601645 -87.655957551; 41.94680018 -87.649469987; 41.953885576 -87.65453007; 41.97326549 -87.658310668; 
41.889571081 -87.636973116; 41.872894484 -87.627560076; 41.866843668 -87.625816668; 
41.893179406 -87.634656764; 41.885874461 -87.625283558; 41.896704058 -87.626309934; 
41.780401475 -87.675142115; 41.791532074 -87.669377365; 41.769081109 -87.676075309; 
