41.842709067 -87.626890005; 41.841600558 -87.609290425; 41.851004628 -87.620617743; 41.838215324 -87.633387079; 
41.780855651 -87.663038277; 41.774661998 -87.682162667; 41.767566795 -87.669961772; 41.769532019 -87.670014841; 
41.787715473 -87.604312529; 41.748566903 -87.607588348; 41.770030877 -87.587998374; 41.736458248 -87.585638764; 41.759500486 -87.604166486; 41.748959528 -87.600269383; 41.780155491 -87.586451255; 41.729481961 -87.595790607; 
41.853479315 -87.717797906; 41.931668983 -87.736120248; 41.880962062 -87.706962115; 41.845233365 -87.692806506; 41.853468388 -87.699144174; 41.880269415 -87.725656217; 41.884847039 -87.747885752; 41.894893297 -87.76031508; 41.911729259 -87.763081608; 41.876770211 -87.746174927; 41.923308042 -87.742625052; 41.9116839 -87.745917518; 41.889980277 -87.714671077; 41.868289635 -87.700051402; 41.86823189 -87.705026738; 41.865167149 -87.734940639; 
41.88171846 -87.627760426; 41.881493402 -87.627755557; 41.884497303 -87.625801874; 41.878227661 -87.626847784; 41.893298918 -87.626384218; 41.895002822 -87.621454706; 41.893964478 -87.636047576; 41.894993403 -87.622148996; 41.88946287 -87.624222942; 41.883475491 -87.627876969; 
41.917396919 -87.707392238; 41.940949316 -87.669542364; 41.946761465 -87.686350846; 41.951526622 -87.670208305; 41.939369497 -87.700804095; 41.922039747 -87.697330182; 41.927101339 -87.680438363; 41.925076902 -87.673855622; 41.911235406 -87.680647834; 41.932294457 -87.685468046; 41.907823582 -87.667611636; 
41.918953545 -87.639688741; 41.918578314 -87.636183854; 41.925398601 -87.652337017; 41.943438563 -87.644885529; 41.916336088 -87.634797379; 41.915372956 -87.641156743; 
41.994758989 -87.7144777; 41.975151721 -87.698898226; 41.987255093 -87.704148302; 41.993848156 -87.71299668; 
41.885740958 -87.624994912; 41.891694878 -87.626155832; 41.899410159 -87.624131266; 41.905037348 -87.644210882; 41.888165132 -87.622937212; 41.885182294 -87.642757034; 
41.882457198 -87.627847776; 41.896086635 -87.631234895; 41.881968084 -87.63177506; 41.882470918 -87.627847625; 
41.801692642 -87.742991505; 41.806811231 -87.751696145; 41.788987036 -87.74147999; 41.788987036 -87.74147999; 41.78492848 -87.73149267; 41.799808989 -87.723350952; 
