41.881088655 -87.720764494; 41.842111471 -87.713510304; 41.854391158 -87.72618755; 41.845619446 -87.705071868; 41.859740848 -87.731092704; 41.870910383 -87.710081958; 41.858365084 -87.720034324; 41.854291501 -87.713693709; 
41.949071844 -87.652610782; 41.897895128 -87.624096605; 41.90434894 -87.632937036; 41.916680861 -87.649677742; 41.946021295 -87.655565552; 41.928258322 -87.640451538; 41.883164818 -87.644508395; 41.943363642 -87.641096671; 41.885741029 -87.631711749; 41.892499085 -87.6613691; 41.935966497 -87.658829102; 41.903775756 -87.639324074; 41.93176723 -87.642115111; 41.885879253 -87.630979425; 41.901136635 -87.663023361; 41.881601409 -87.624350265; 41.946523441 -87.643120992; 41.883659738 -87.632421239; 
41.950297052 -87.704817003; 41.965733438 -87.689501325; 41.978491288 -87.668328805; 41.974146947 -87.65980913; 41.969071595 -87.724426848; 41.957739227 -87.729332637; 41.960289652 -87.706994688; 41.932047739 -87.704268531; 41.937401863 -87.705800003; 41.977864045 -87.678559345; 
41.863375231 -87.659636657; 41.868219921 -87.664046556; 41.863375231 -87.659636657; 41.863375231 -87.659636657; 
41.799184048 -87.603914832; 41.79340561 -87.5848746; 41.794344947 -87.615968735; 
41.923931952 -87.643853261; 41.925764201 -87.649209628; 41.911542183 -87.639820424; 41.916725547 -87.636567764; 41.930906002 -87.644017035; 
41.886815622 -87.631523712; 41.892993568 -87.622707414; 41.87683824 -87.634335405; 41.883500187 -87.627876698; 41.892164276 -87.607702294; 41.884276844 -87.622098929; 41.885741029 -87.631711749; 
41.809502571 -87.608690964; 41.807499342 -87.590234482; 41.803408945 -87.586206933; 
42.015385991 -87.683013622; 42.005517654 -87.662465929; 41.991262667 -87.660305558; 42.018498254 -87.672983233; 
41.885741529 -87.631344503; 41.882381731 -87.629412971; 41.898688787 -87.620201629; 
41.912279462 -87.716619737; 41.902644773 -87.728026491; 41.907363434 -87.708294792; 
