41.773382411 -87.582214969; 41.783284963 -87.590836801; 41.778047465 -87.586387726; 41.791025483 -87.590241433; 41.790857624 -87.607771565; 
41.90352381 -87.66674162; 41.897267498 -87.632720574; 41.929028876 -87.674384528; 41.911864905 -87.712512617; 41.946804815 -87.733766097; 41.936209474 -87.736945262; 41.888288711 -87.623839292; 41.898122439 -87.715180196; 41.889906681 -87.624100509; 41.939146812 -87.723039275; 41.881828083 -87.643545951; 41.895996468 -87.625487641; 41.899257407 -87.699863063; 41.88416317 -87.672433029; 41.879611835 -87.709472306; 41.88233367 -87.627841791; 41.91058325 -87.726353375; 41.887600067 -87.618554816; 41.883946038 -87.682464349; 41.883210775 -87.629906972; 41.920362355 -87.702182351; 41.889571081 -87.636973116; 41.947096118 -87.706609219; 41.881883933 -87.640060441; 41.887445308 -87.662968192; 41.864583447 -87.686497178; 41.856050945 -87.726094767; 41.885701085 -87.641866396; 41.931607279 -87.711571502; 41.876607964 -87.627644063; 41.884231489 -87.696669693; 41.93251177 -87.722099228; 41.910704365 -87.632452419; 41.863375231 -87.659636657; 41.884640562 -87.629465296; 41.964484364 -87.737711181; 41.939923405 -87.668667203; 41.87650065 -87.642490662; 41.866176234 -87.724864529; 41.919586976 -87.676950844; 41.885487535 -87.726422045; 41.912149595 -87.736181; 41.882246622 -87.654374474; 41.884602203 -87.678172058; 41.909588772 -87.748894125; 41.925076902 -87.673855622; 41.895973623 -87.673255236; 41.891199446 -87.624137626; 41.883389467 -87.648574865; 
41.848606283 -87.628197812; 41.830890037 -87.635503335; 41.816236722 -87.642493062; 41.851949553 -87.618995915; 41.823600114 -87.635314673; 41.835633377 -87.635257324; 41.835579687 -87.645004211; 41.844023772 -87.626923253; 
41.738297141 -87.557521949; 41.760810164 -87.565922859; 41.749387444 -87.566190849; 41.749387444 -87.566190849; 41.765636925 -87.562166806; 41.727176841 -87.571825625; 41.73476073 -87.54998413; 
41.930395726 -87.647708527; 41.922492535 -87.648656656; 41.952700835 -87.652803773; 41.94933263 -87.64847244; 41.965894533 -87.663929744; 41.972450269 -87.653163575; 
41.809197637 -87.683885474; 41.774977442 -87.667770081; 41.789600527 -87.676613798; 41.778767526 -87.683627986; 41.776583461 -87.672629494; 41.80462016 -87.684368169; 
41.979519161 -87.68978542; 41.992652591 -87.666180279; 41.998542637 -87.685035629; 41.983797744 -87.696248798; 
41.692760035 -87.611320897; 41.688198874 -87.632588274; 41.704662143 -87.61613523; 41.696134696 -87.631110728; 41.69196113 -87.637519577; 
41.867234401 -87.641301791; 41.878510943 -87.657035826; 41.877822179 -87.655181405; 41.887966168 -87.634790696; 41.886816694 -87.634399246; 41.88817016 -87.629547745; 41.881546939 -87.626197968; 41.881621685 -87.65682676; 41.865062409 -87.625777568; 41.88946287 -87.624222942; 41.877864969 -87.627666954; 41.890384236 -87.624109917; 41.893140033 -87.624204307; 41.853488377 -87.631792732; 41.881994258 -87.629773427; 41.863375231 -87.659636657; 41.876556349 -87.631760814; 41.886809001 -87.643565821; 
41.916123363 -87.68315157; 41.910334976 -87.686410216; 41.905814038 -87.670325236; 41.935102133 -87.687964525; 41.923816929 -87.700612323; 41.932169842 -87.688192539; 
41.80710661 -87.616530622; 41.820034099 -87.606796612; 41.810663246 -87.593598258; 
41.88233367 -87.627841791; 41.897895128 -87.624096605; 41.901906863 -87.628052474; 
41.896888586 -87.628203192; 41.895003278 -87.62152816; 41.891199446 -87.624137626; 41.885752618 -87.627334108; 
41.985435056 -87.787685839; 41.981429873 -87.792611664; 41.974377825 -87.772143456; 
41.878113871 -87.634262752; 41.882389156 -87.624374606; 41.878156422 -87.629995452; 
41.801021911 -87.692099046; 41.783998932 -87.691088044; 41.793856167 -87.684693126; 
41.883500187 -87.627876698; 41.884515071 -87.647732897; 41.874048365 -87.625986892; 
