41.884585728 -87.733936868; 41.891877604 -87.745698694; 41.899790455 -87.727447366; 41.909088454 -87.715188297; 41.879147838 -87.710949307; 41.893817529 -87.77366461; 41.893763001 -87.765353356; 41.886404673 -87.707103594; 41.866358918 -87.709806763; 41.884073173 -87.722080056; 41.898533177 -87.761619569; 41.887777868 -87.726730895; 
41.940510399 -87.644413477; 41.939309171 -87.643165716; 41.895563458 -87.636349732; 41.883475491 -87.627876969; 41.922665972 -87.638696829; 41.91047209 -87.678164752; 41.895603123 -87.633396228; 41.880735492 -87.628568091; 41.912365442 -87.680544473; 41.879536555 -87.625493067; 41.873053606 -87.652092524; 41.866123396 -87.657966739; 41.91147834 -87.668936674; 41.879190136 -87.648928151; 41.910676312 -87.649187069; 41.914562993 -87.677553434; 41.929462945 -87.696352419; 41.910617107 -87.643419776; 41.918857151 -87.653394962; 41.935335193 -87.655079642; 41.862422995 -87.626313277; 41.901073698 -87.63136393; 41.911649113 -87.643449076; 41.872910562 -87.63062942; 41.871110393 -87.627506271; 41.928812059 -87.722005927; 41.931267974 -87.710233412; 41.918967938 -87.652177587; 41.91030157 -87.688765473; 41.930049492 -87.685920733; 41.927522553 -87.693843452; 41.937720325 -87.640441006; 41.881722193 -87.624356274; 41.882394062 -87.627844798; 41.88072913 -87.628872947; 41.918431595 -87.690032129; 41.909153858 -87.687189956; 41.950453457 -87.649592688; 41.945049603 -87.677255804; 41.963804704 -87.682280937; 
41.800903483 -87.584530624; 41.80950879 -87.608371773; 41.795059807 -87.597096551; 
41.776966216 -87.587232499; 41.772372122 -87.5838361; 41.772877757 -87.580164253; 
41.668035803 -87.641580017; 41.663385023 -87.627283592; 41.669928149 -87.629620456; 
41.753021201 -87.567470584; 41.751092547 -87.556521344; 41.75659761 -87.56632489; 
41.777126398 -87.649574464; 41.775639009 -87.645898477; 41.792002104 -87.643882805; 
41.694603874 -87.652170116; 41.69189982 -87.642367883; 41.686385528 -87.655577385; 
41.750353133 -87.608843537; 41.74899896 -87.605175838; 41.746835521 -87.591729658; 41.748583233 -87.622935427; 
41.996346486 -87.663389982; 41.991560549 -87.655432099; 41.991262667 -87.660305558; 
41.812778613 -87.693118953; 41.823458129 -87.688976836; 41.800013628 -87.701303562; 
41.88405804 -87.624436948; 41.895003278 -87.62152816; 41.890265219 -87.631089305; 41.891990384 -87.611461502; 41.882381731 -87.629412971; 41.88233367 -87.627841791; 41.888320033 -87.628033006; 41.886146944 -87.624524028; 
41.910273396 -87.634683466; 41.910121292 -87.638560993; 41.910966915 -87.645006789; 
41.775966348 -87.604614246; 41.778055088 -87.610749912; 41.773017577 -87.61265777; 41.790276452 -87.622354263; 41.779975054 -87.630937377; 41.777309867 -87.640802922; 
41.860052214 -87.70670735; 41.844394846 -87.714046114; 41.859246264 -87.693918462; 41.871939957 -87.699141525; 
41.940935532 -87.66953148; 41.931633398 -87.651399716; 41.945005756 -87.645842759; 41.955648785 -87.65616575; 41.933478186 -87.658013711; 
41.883500187 -87.627876698; 41.896442307 -87.655722728; 41.885700244 -87.641726854; 
41.879505465 -87.626683155; 41.902966501 -87.628558762; 41.884493832 -87.627021129; 41.879505465 -87.626683155; 
41.891133566 -87.624134682; 41.884790951 -87.624469241; 41.88030381 -87.636978269; 41.899410159 -87.624131266; 
41.932755385 -87.647187116; 41.909139303 -87.648226263; 41.922332671 -87.644410632; 
41.751433546 -87.681558258; 41.763643815 -87.675929203; 41.764569513 -87.691124231; 
