41.906294202 -87.631523484; 41.890051565 -87.62891376; 41.90316534 -87.629210442; 41.890051565 -87.62891376; 41.890051565 -87.62891376; 41.89796059 -87.67710991; 41.8980016 -87.628910878; 41.909152038 -87.652675042; 41.891619401 -87.631746585; 41.890053273 -87.628744799; 41.891678767 -87.627551654; 41.909152038 -87.652675042; 41.890051565 -87.62891376; 41.88289851 -87.630898231; 41.890051565 -87.62891376; 41.89005498 -87.628575838; 41.890824988 -87.630183362; 41.909152038 -87.652675042; 41.893676531 -87.635628328; 41.909793282 -87.67655155; 41.87766908 -87.629284766; 41.885106529 -87.65212608; 41.88817016 -87.629547745; 41.891103111 -87.61482101; 41.889561428 -87.620196651; 41.874445284 -87.627609107; 41.890993242 -87.666203484; 41.906377243 -87.648457842; 41.911067389 -87.653117601; 41.892659231 -87.616599571; 
41.965380394 -87.659074153; 41.943083876 -87.649362673; 41.976311243 -87.6605954; 41.946159169 -87.655678044; 41.946159169 -87.655678044; 41.965481969 -87.640188069; 41.978165506 -87.658586238; 41.947252263 -87.65350869; 
41.750617628 -87.645630459; 41.736277427 -87.62510451; 41.750782715 -87.625813624; 41.721623049 -87.624701342; 
41.844227632 -87.72641944; 41.84421831 -87.727252628; 41.859937564 -87.716451145; 
41.751034959 -87.554095998; 41.751317167 -87.563800456; 41.743660013 -87.558816846; 
41.685139626 -87.637669961; 41.68985501 -87.624299546; 41.69189982 -87.642367883; 
41.900905623 -87.719370286; 41.883322519 -87.72906087; 41.900675948 -87.73671034; 
41.745007012 -87.600156778; 41.744968571 -87.600153551; 41.752520651 -87.603996282; 
41.890051565 -87.62891376; 41.875178061 -87.627619404; 41.890053025 -87.628704402; 41.88705768 -87.647514742; 41.890265219 -87.631089305; 41.894539838 -87.624243916; 41.889751946 -87.631072891; 
41.909152038 -87.652675042; 41.921751279 -87.652757947; 41.922786529 -87.645045119; 41.917124487 -87.650903868; 41.922786529 -87.645045119; 
41.896175186 -87.632703129; 41.889139689 -87.636430583; 41.890032024 -87.630203077; 41.890052593 -87.645837357; 
