41.779757746 -87.711815982; 41.787822751 -87.71887006; 41.77518346 -87.711900474; 41.773184708 -87.693241558; 41.799737747 -87.711091167; 
41.856608534 -87.628198012; 41.840859176 -87.626847966; 41.852191677 -87.621749758; 
41.880321157 -87.75917841; 41.910151952 -87.778900422; 41.903059757 -87.764650163; 41.883291728 -87.763294149; 
41.789065687 -87.607784439; 41.796353877 -87.607251162; 41.805470526 -87.603810519; 
41.865587185 -87.717835973; 41.852570602 -87.71364792; 41.866287783 -87.715942202; 
41.749502163 -87.601014459; 41.743051507 -87.60379199; 41.734291659 -87.590511054; 
41.805182611 -87.604279596; 41.784801626 -87.615737796; 41.805470526 -87.603810519; 41.799569889 -87.60633833; 41.805432109 -87.603810955; 
41.796792498 -87.670738661; 41.780935761 -87.653321414; 41.771416627 -87.656713927; 41.794061805 -87.662676999; 
41.727526285 -87.562087901; 41.727195776 -87.554992264; 41.734842718 -87.552756625; 
41.980299856 -87.809910807; 41.979699068 -87.811761992; 41.976651269 -87.813195399; 41.975555943 -87.82536607; 
41.85241762 -87.7235194; 41.867123593 -87.721360419; 41.853633845 -87.734570978; 41.838719037 -87.724702683; 
41.912635411 -87.690946367; 41.919575561 -87.699338804; 41.910834891 -87.683576301; 
41.963352217 -87.761150766; 41.97514396 -87.764439612; 41.946930941 -87.755691836; 
