41.88320708 -87.633344253; 41.891199446 -87.624137626; 41.925174426 -87.666508943; 41.872709056 -87.624187857; 41.932782967 -87.64583438; 41.891465732 -87.624153044; 41.891662431 -87.628466349; 41.965665255 -87.654791122; 41.886467402 -87.632471344; 41.909894555 -87.630165156; 41.883475491 -87.627876969; 41.885741029 -87.631711749; 41.867081407 -87.619003708; 41.864889488 -87.625772132; 41.898601529 -87.641830091; 41.905709894 -87.635611203; 41.890455604 -87.6241128; 41.883210464 -87.634350417; 41.858643312 -87.6239505; 41.947317986 -87.649787936; 41.897895128 -87.624096605; 41.88922282 -87.630259695; 41.921753174 -87.652614623; 41.878227661 -87.626847784; 41.878227661 -87.626847784; 41.949746379 -87.658562538; 41.890384236 -87.624109917; 41.911743447 -87.638613205; 41.883210464 -87.634350417; 
42.00627543 -87.688875622; 42.00695915 -87.673492597; 41.995286373 -87.660428707; 41.990487582 -87.658228054; 42.016146107 -87.683009557; 42.001570955 -87.681903434; 
41.782220393 -87.659427228; 41.778934074 -87.66908204; 41.772150026 -87.659162389; 41.779747852 -87.645088326; 41.777295582 -87.650797184; 
41.881172542 -87.758763179; 41.908339268 -87.730151211; 41.895515969 -87.758065323; 41.889741913 -87.765198001; 41.909812904 -87.731717071; 41.90690686 -87.746049479; 
41.900017769 -87.623426629; 41.880509252 -87.624358666; 41.890939146 -87.623758544; 41.894782381 -87.634712752; 41.868541914 -87.639235361; 41.882470918 -87.627847625; 41.883500187 -87.627876698; 41.897966193 -87.631644061; 41.882389156 -87.624374606; 41.882389156 -87.624374606; 
41.883500187 -87.627876698; 41.901073698 -87.63136393; 41.882394062 -87.627844798; 41.875367424 -87.627620993; 
41.881582612 -87.626197575; 41.884472382 -87.633378182; 41.881949766 -87.647367397; 41.899410159 -87.624131266; 41.886017951 -87.624521781; 41.897895128 -87.624096605; 41.881582612 -87.626197575; 
41.721938321 -87.611422927; 41.706486077 -87.608098429; 41.73662489 -87.606477087; 
41.893140033 -87.624204307; 41.895140898 -87.624255632; 41.881487914 -87.627755618; 41.883224344 -87.624971297; 41.883217697 -87.628797871; 
41.822728221 -87.60798053; 41.802062624 -87.618732403; 41.804997133 -87.610102486; 
