41.910465849 -87.67851383; 41.861698243 -87.651688112; 41.88033698 -87.629365643; 41.876746804 -87.64144152; 41.891899799 -87.634075722; 41.918572595 -87.675204925; 41.890724284 -87.642528399; 41.8775322 -87.648398722; 41.886863814 -87.626851797; 41.882470918 -87.627847625; 41.85102174 -87.618954852; 41.845404852 -87.640557173; 41.885749789 -87.629107914; 41.882255904 -87.648542902; 41.875367424 -87.627620993; 41.905033733 -87.64452317; 41.907926167 -87.64819515; 41.873988082 -87.624221451; 41.878638996 -87.627691486; 41.850202466 -87.658644419; 41.911161444 -87.63495667; 41.874127193 -87.647120593; 41.854968236 -87.623866311; 41.866988841 -87.657205006; 41.886718269 -87.653662412; 41.858880357 -87.655010814; 41.894692183 -87.615636574; 41.869749161 -87.640107132; 41.910676312 -87.649187069; 41.877896435 -87.624310435; 41.857922736 -87.620592324; 41.893109383 -87.667206185; 41.923678533 -87.682722109; 41.831072829 -87.620138061; 41.882963651 -87.629435962; 41.891005584 -87.676916667; 41.87763451 -87.636665758; 41.883500187 -87.627876698; 
41.898640594 -87.717639887; 41.87474814 -87.730371694; 41.882321465 -87.74289255; 41.879785247 -87.723879847; 41.859826458 -87.721330884; 41.897694011 -87.721266986; 41.843563512 -87.723309882; 
41.796947192 -87.690232649; 41.793856167 -87.684693126; 41.78033837 -87.682369222; 41.810201143 -87.688108321; 
41.913500153 -87.771607923; 41.909492928 -87.75653279; 41.896918624 -87.763639461; 41.904864951 -87.764545979; 
42.012099666 -87.698424465; 42.019399237 -87.675049485; 42.015517282 -87.679074821; 42.01456015 -87.688880304; 
41.766798264 -87.629805491; 41.77033157 -87.620239421; 41.771890833 -87.64324039; 41.760830644 -87.652789673; 
41.777848842 -87.593011267; 41.811175458 -87.59686435; 41.80208796 -87.587744343; 41.809434463 -87.613133735; 41.792451355 -87.582047386; 
41.949613504 -87.672518331; 41.941550275 -87.667169035; 41.977016728 -87.656432228; 41.96750702 -87.669410137; 
41.870406298 -87.633527987; 41.881951231 -87.633060512; 41.881944424 -87.634195294; 41.896952526 -87.665524392; 41.88171846 -87.627760426; 41.891412551 -87.647934597; 41.908490539 -87.667630423; 41.884013483 -87.627896757; 41.894563504 -87.622745105; 41.876817275 -87.635852128; 41.884493832 -87.627021129; 41.882457198 -87.627847776; 
41.903996883 -87.643230238; 41.923721517 -87.642628214; 41.89537902 -87.628164703; 41.896312833 -87.624279399; 41.885741529 -87.631344503; 
41.881546939 -87.626197968; 41.864924012 -87.627368732; 41.879917998 -87.62772148; 41.880108035 -87.647309981; 
