41.896772914 -87.621464432; 41.939787957 -87.662365104; 41.909621737 -87.642181409; 41.912903664 -87.653182605; 41.906675284 -87.671675562; 41.896772914 -87.621464432; 41.885481891 -87.627935689; 41.896568854 -87.636063322; 41.886845362 -87.631001896; 41.897895128 -87.624096605; 41.90352381 -87.66674162; 41.869749161 -87.640107132; 41.904674107 -87.634509412; 41.888165132 -87.622937212; 41.902829815 -87.638551885; 41.882381731 -87.629412971; 41.927420811 -87.653678862; 41.879499198 -87.627002693; 41.89362549 -87.632653865; 41.910764867 -87.658120918; 
41.739801644 -87.603696868; 41.736736273 -87.598532484; 41.737547633 -87.604847215; 41.746599733 -87.62126431; 
41.768382919 -87.644495002; 41.794371012 -87.641242711; 41.777038994 -87.638664774; 41.78412681 -87.654618675; 
41.992079338 -87.753650528; 41.963231117 -87.770516832; 41.992046539 -87.753676576; 41.98687191 -87.775465526; 41.971669825 -87.748606428; 41.978462801 -87.763001497; 
41.844580864 -87.701841364; 41.852491274 -87.71624374; 41.864125678 -87.711432768; 41.873875006 -87.687387526; 41.863378684 -87.69581565; 
41.88100673 -87.742845899; 41.88257062 -87.730632328; 41.899602576 -87.722545404; 41.876645322 -87.742691439; 
41.922507677 -87.653514209; 41.892753031 -87.624193896; 41.911124622 -87.637932903; 41.88233367 -87.627841791; 41.897895128 -87.624096605; 41.881951231 -87.633060512; 41.881508896 -87.62938583; 41.875287846 -87.627621868; 41.944567545 -87.642785537; 41.883475491 -87.627876969; 41.883475491 -87.627876969; 41.885741029 -87.631711749; 41.865397377 -87.640660777; 41.876645737 -87.635171022; 41.891694584 -87.626108089; 41.93991842 -87.653288878; 
41.880801316 -87.625438715; 41.877981539 -87.644608125; 41.883500187 -87.627876698; 41.8744151 -87.627609439; 
41.893119413 -87.639244787; 41.882901294 -87.655564697; 41.897895128 -87.624096605; 41.891404732 -87.628061509; 41.883659738 -87.632421239; 
41.877107832 -87.724063179; 41.874060099 -87.705924314; 41.860346575 -87.710371769; 41.876196592 -87.724035116; 
41.931776952 -87.72791651; 41.924671354 -87.711337529; 41.932733823 -87.703773; 
