41.994955299 -87.689791795; 42.006316457 -87.686899401; 41.965593666 -87.707398686; 41.982204413 -87.699909534; 42.007184456 -87.67354178; 
41.754698444 -87.565075774; 41.759330641 -87.558104318; 41.765564594 -87.578131109; 41.74537246 -87.562489972; 41.751300804 -87.562587625; 
41.875717757 -87.64099364; 41.88171846 -87.627760426; 41.880775433 -87.627029031; 41.88446517 -87.634446911; 
41.925398601 -87.652337017; 41.967665781 -87.662730846; 41.97794983 -87.672935251; 41.92933468 -87.644202999; 41.948533921 -87.647988403; 41.964231677 -87.649978542; 41.942178374 -87.661461563; 41.911610082 -87.634723998; 41.925398601 -87.652337017; 41.92527195 -87.65970977; 41.911116804 -87.638454676; 
41.968872879 -87.753357198; 41.951015449 -87.74724757; 41.947943788 -87.748150592; 41.936993912 -87.747526661; 41.980239208 -87.765953667; 
41.806826381 -87.603839151; 41.797098892 -87.594971826; 41.801953217 -87.601356437; 
41.796995605 -87.670743903; 41.80789541 -87.658872108; 41.80120956 -87.676256881; 
41.680410281 -87.640254113; 41.683006458 -87.642082309; 41.695924226 -87.648531208; 
41.872836032 -87.763827663; 41.894025567 -87.749311497; 41.880419254 -87.751407336; 
41.905037348 -87.644210882; 41.910676312 -87.649187069; 41.895477828 -87.628167289; 41.896026903 -87.655084344; 
