41.783066326 -87.667547106; 41.779876081 -87.704313447; 41.780536589 -87.68734253; 
41.895024194 -87.65166075; 41.88705768 -87.647514742; 41.890824988 -87.630183362; 41.889247191 -87.628415777; 41.892659231 -87.616599571; 41.885393253 -87.663547848; 
41.922465225 -87.688007372; 41.927186361 -87.692608405; 41.924158759 -87.699399996; 
41.887443217 -87.712381872; 41.884659181 -87.727538936; 41.904627359 -87.710301495; 
41.882281265 -87.762072935; 41.884747466 -87.760244164; 41.898662742 -87.746503358; 
41.895383454 -87.724381689; 41.882431577 -87.735532388; 41.899359762 -87.73112831; 41.907288725 -87.715279133; 41.877819618 -87.720645164; 41.89983415 -87.723777401; 41.92273818 -87.719778347; 
41.877565688 -87.684893829; 41.867472266 -87.697148073; 41.877499852 -87.666685333; 
41.880202423 -87.692629987; 41.892769715 -87.711353313; 41.890703831 -87.70640419; 41.885001213 -87.725791327; 
41.776086596 -87.611926844; 41.771002776 -87.582583655; 41.776188666 -87.604619061; 41.774568527 -87.599717551; 
41.775859669 -87.586295796; 41.764224405 -87.587222523; 41.773382291 -87.58219664; 41.765318105 -87.583654287; 41.751100797 -87.58505475; 41.774531367 -87.603362034; 41.752719419 -87.566250124; 
