41.9767103 -87.650102585; 41.975885485 -87.690211829; 41.989035234 -87.702994163; 41.994567578 -87.65905678; 41.973387321 -87.673125806; 41.979355509 -87.668294069; 41.983871204 -87.716227239; 
41.892509386 -87.626069718; 41.883500187 -87.627876698; 41.911367051 -87.626401638; 41.88106593 -87.632339422; 41.908116698 -87.631576996; 41.88529876 -87.624489335; 41.841164277 -87.6171782; 41.894950514 -87.623644357; 41.85514757 -87.627138557; 41.883475491 -87.627876969; 41.85513349 -87.619092629; 41.890455604 -87.6241128; 41.871867571 -87.630600457; 
41.931751401 -87.796721208; 41.950360346 -87.772677671; 41.944406041 -87.7899362; 
41.886530514 -87.697047165; 41.873918361 -87.684368921; 41.881984017 -87.697176735; 
41.88233367 -87.627841791; 41.885301485 -87.626266739; 41.891070406 -87.616613661; 41.885150434 -87.652125613; 41.891990384 -87.611461502; 41.885879253 -87.630979425; 41.883500187 -87.627876698; 41.891981086 -87.640241413; 41.876607964 -87.627644063; 
41.900484541 -87.749120408; 41.908247883 -87.736294512; 41.90690686 -87.746049479; 
41.87992623 -87.627721389; 41.899410159 -87.624131266; 41.911367051 -87.626401638; 41.889227514 -87.658953756; 41.883119774 -87.648908249; 41.88336939 -87.633860272; 41.89837293 -87.625035314; 
41.73625535 -87.62820806; 41.717460008 -87.630973859; 41.7293836 -87.642211804; 
41.867958204 -87.624097182; 41.883219895 -87.628261697; 41.882389156 -87.624374606; 
41.76315141 -87.659619472; 41.756004678 -87.6506893; 41.771633218 -87.650648259; 
41.890265219 -87.631089305; 41.879876814 -87.627718261; 41.872840816 -87.624193744; 
