41.939688139 -87.669268754; 41.939787957 -87.662365104; 41.946911719 -87.674648862; 41.942274622 -87.693196175; 
41.925226238 -87.662683065; 41.91517024 -87.671470254; 41.940078259 -87.64237086; 41.902055698 -87.690332446; 41.93640632 -87.648294681; 41.901717488 -87.698101262; 41.91654447 -87.702061981; 41.912790482 -87.689725055; 41.92174309 -87.696289576; 41.9090189 -87.677422819; 41.900626231 -87.701755961; 
41.871088211 -87.738968215; 41.880257779 -87.735464519; 41.87677053 -87.746237347; 41.886065157 -87.756497517; 41.889765267 -87.732580986; 
41.953436358 -87.746273229; 41.954483896 -87.717834303; 41.946316635 -87.731723199; 41.958205042 -87.720397835; 
41.861923555 -87.62944284; 41.887849586 -87.625610638; 41.875232942 -87.6276188; 41.906242849 -87.633000828; 41.883500187 -87.627876698; 41.911343842 -87.63471588; 41.859815277 -87.623977927; 41.884491256 -87.627494889; 41.879235852 -87.624347038; 
41.977693173 -87.690079632; 41.967491305 -87.677658049; 41.95775493 -87.682493258; 41.964317034 -87.667777611; 41.96491786 -87.650000625; 41.983688575 -87.702818865; 
42.013109225 -87.663604147; 42.02223302 -87.66727331; 42.003535028 -87.680319747; 
41.743503863 -87.60501807; 41.759637932 -87.610282164; 41.784087667 -87.603469977; 41.77268594 -87.605758495; 41.783334995 -87.607251401; 
41.909588772 -87.748894125; 41.90971226 -87.73926766; 41.901509704 -87.760873046; 41.924023796 -87.76260468; 
41.711714647 -87.642954141; 41.703443183 -87.629372318; 41.702443621 -87.645125991; 41.706987456 -87.620244029; 
