41.764293597 -87.580162023; 41.76895338 -87.575151444; 41.750839912 -87.581664262; 41.778321993 -87.586402872; 41.743790917 -87.56976421; 41.764012888 -87.572544826; 
41.885671206 -87.729508807; 41.890057923 -87.770858456; 41.873843031 -87.763245932; 41.892272884 -87.717440276; 41.883530769 -87.745389592; 41.89256546 -87.753067393; 
41.87204596 -87.683737983; 41.909804314 -87.651606387; 41.907571182 -87.675240787; 41.901884162 -87.667456609; 41.87102678 -87.699260698; 41.918044269 -87.65747835; 41.889747139 -87.675680852; 
41.895140898 -87.624255632; 41.889158827 -87.634612435; 41.89796493 -87.631886501; 41.883500187 -87.627876698; 41.891303157 -87.628055281; 41.892096977 -87.624164426; 41.884845855 -87.624472307; 
41.763388425 -87.607952834; 41.75929907 -87.612693997; 41.797332174 -87.624157636; 41.78161502 -87.615659667; 
41.748878287 -87.701149425; 41.752718422 -87.698813901; 41.737741476 -87.692655655; 
42.021485932 -87.666684912; 42.014798881 -87.688877894; 42.011331872 -87.678981569; 
41.862218265 -87.639087164; 41.876265763 -87.651863802; 41.868541914 -87.639235361; 41.874363279 -87.643013039; 41.87799992 -87.643098749; 
41.950923486 -87.72018086; 41.927406814 -87.704688958; 41.936393299 -87.707548318; 41.943654682 -87.718758159; 
41.971115935 -87.695106513; 41.970709594 -87.700523544; 41.979618189 -87.683009907; 
41.921845823 -87.787059458; 41.923901331 -87.771156586; 41.915055232 -87.76417995; 
41.909667421 -87.631615119; 41.891694878 -87.626155832; 41.891619401 -87.631746585; 
