41.878053886 -87.638849697; 41.920086604 -87.67029509; 41.91464704 -87.695889866; 41.949449432 -87.707894849; 41.870090658 -87.65223413; 41.891023035 -87.619141016; 41.918770884 -87.639433518; 41.922986987 -87.687583215; 41.910350445 -87.685260152; 41.902522915 -87.63140683; 41.926169782 -87.646357379; 41.885916313 -87.654482517; 41.931463882 -87.653819694; 41.902825075 -87.707398667; 41.887613674 -87.684153207; 41.867786694 -87.659884053; 41.901680889 -87.628345154; 41.930970803 -87.700056527; 41.89804054 -87.624091323; 41.88529876 -87.624489335; 41.9022401 -87.678289321; 41.868050592 -87.639218648; 41.926173179 -87.670750207; 41.911073717 -87.641317083; 41.917221013 -87.64363524; 41.900496937 -87.69722443; 41.89364542 -87.634122793; 41.939538767 -87.644383505; 41.876436704 -87.629250558; 41.904949493 -87.680362877; 41.900281099 -87.688050797; 41.879189742 -87.648862058; 41.927101339 -87.680438363; 41.922472583 -87.646235362; 41.968470335 -87.706528454; 41.906783524 -87.720349932; 41.892753031 -87.624193896; 41.930049492 -87.685920733; 41.890455604 -87.6241128; 41.904294794 -87.673845452; 41.877565688 -87.684893829; 41.933881353 -87.70335377; 
41.798448213 -87.61693885; 41.777749307 -87.59931101; 41.798637445 -87.604702193; 41.794314175 -87.625162711; 41.79041095 -87.606137471; 
41.728036093 -87.626414952; 41.750018724 -87.622970906; 41.771633218 -87.650648259; 41.751837665 -87.640409801; 41.782728365 -87.649720276; 41.742453478 -87.665665679; 41.75198718 -87.612522919; 41.736148121 -87.629070243; 41.739073401 -87.648567625; 41.760773578 -87.645511035; 41.764682386 -87.663785792; 
41.986142734 -87.65809373; 41.969360298 -87.659679373; 42.008003753 -87.660099686; 41.956579625 -87.672269899; 41.958675171 -87.67591381; 41.991751331 -87.665980016; 41.97172545 -87.685362802; 41.959068467 -87.651596273; 42.002542731 -87.661489102; 
41.687518468 -87.657828064; 41.682603977 -87.637236009; 41.693254937 -87.645472927; 41.677661758 -87.652872258; 41.688356278 -87.635002933; 41.682466485 -87.64815042; 
41.773788925 -87.684033837; 41.780333334 -87.692209875; 41.786601506 -87.676219062; 
41.954300681 -87.73931699; 41.966769122 -87.742797349; 41.944195363 -87.755227651; 41.944222692 -87.753029291; 
41.759025938 -87.563396825; 41.745905076 -87.560072411; 41.760010965 -87.573677005; 
41.867234401 -87.641301791; 41.885481891 -87.627935689; 41.903478069 -87.631433102; 41.88033698 -87.629365643; 41.8931157 -87.639538654; 41.893223483 -87.63153437; 41.882700847 -87.653223927; 41.892509386 -87.626069718; 41.881515355 -87.627755316; 41.879383612 -87.634124064; 41.878260207 -87.625448401; 41.910914175 -87.648578343; 41.880775433 -87.627029031; 41.922507677 -87.653514209; 41.907926167 -87.64819515; 41.867428235 -87.626269143; 
41.945219257 -87.743951977; 41.949588547 -87.71279738; 41.943799348 -87.731563077; 41.952853599 -87.749848235; 
41.884162337 -87.624439467; 41.891694878 -87.626155832; 41.881770084 -87.635309866; 
41.854450493 -87.718768651; 41.86187256 -87.716505967; 41.853477035 -87.726133796; 
41.74899896 -87.605175838; 41.74934346 -87.611933174; 41.750262995 -87.622975542; 
41.8880785 -87.632508822; 41.885481891 -87.627935689; 41.899734047 -87.624142375; 
41.752482587 -87.573560551; 41.76713466 -87.569051253; 41.772635626 -87.58384403; 
41.809816207 -87.634958141; 41.809340827 -87.619234738; 41.780217525 -87.616874156; 41.795948873 -87.619255066; 41.817189118 -87.639782816; 
