41.800549079 -87.589115504; 41.800483161 -87.587414531; 41.801733644 -87.6013516; 
41.773536673 -87.62999581; 41.773749128 -87.628391441; 41.773908018 -87.644633853; 
41.879069903 -87.627701434; 41.87950297 -87.626723575; 41.891039548 -87.618266727; 41.893541578 -87.629701805; 41.878562742 -87.632267636; 41.906807474 -87.631539904; 41.891404732 -87.628061509; 41.886179873 -87.624523664; 41.904370109 -87.631460067; 41.891475999 -87.62537228; 
41.906807474 -87.631539904; 41.928236945 -87.643281402; 41.895675136 -87.628569146; 41.911101183 -87.639501897; 41.937718335 -87.64056599; 41.944412575 -87.647606153; 41.922270202 -87.648648009; 41.858643312 -87.6239505; 41.91070224 -87.631655218; 41.909139303 -87.648226263; 41.87227952 -87.629307199; 41.89837293 -87.625035314; 41.866810739 -87.625817031; 41.879890416 -87.630832031; 41.880731604 -87.628828854; 41.876835697 -87.63436848; 41.884314386 -87.635373981; 
41.916346321 -87.686672835; 41.910348427 -87.685388756; 41.916615471 -87.672730263; 41.908245663 -87.678014854; 41.941283697 -87.687269991; 41.934568027 -87.679414009; 
41.931582515 -87.742747165; 41.943562261 -87.707742873; 41.946143305 -87.745946823; 41.95801244 -87.716715763; 41.953653425 -87.727312479; 41.950913353 -87.729139752; 
41.871371147 -87.627514417; 41.878038501 -87.639936767; 41.885623091 -87.613541989; 41.880501243 -87.633792406; 41.883500187 -87.627876698; 
41.884497529 -87.625838595; 41.891404732 -87.628061509; 41.882381731 -87.629412971; 41.885741029 -87.631711749; 41.885741029 -87.631711749; 
41.888936223 -87.756067702; 41.880913243 -87.760142556; 41.87495954 -87.746279624; 
41.717965064 -87.632788792; 41.710295269 -87.628396612; 41.721895856 -87.613841024; 
41.960806339 -87.64988278; 41.94933263 -87.64847244; 41.93859561 -87.649576033; 41.935077405 -87.649095404; 
41.867346388 -87.632166244; 41.876607964 -87.627644063; 41.88320802 -87.633498478; 
