41.89005525 -87.628619907; 41.887620806 -87.618800643; 41.882470918 -87.627847625; 41.887338112 -87.624551258; 41.891308785 -87.614359614; 41.897895128 -87.624096605; 41.878366498 -87.618242788; 41.88817016 -87.629547745; 41.878223912 -87.627130568; 
41.936973495 -87.667268124; 41.921606937 -87.665565006; 41.925671935 -87.663347193; 41.945897812 -87.651857914; 41.944953005 -87.649416212; 41.953923342 -87.652103295; 
41.882330955 -87.758282756; 41.870932257 -87.744921277; 41.893822376 -87.772970392; 41.880186421 -87.768532463; 
41.772895314 -87.687136928; 41.748703363 -87.651829389; 41.751987762 -87.645293334; 41.777205698 -87.65322517; 41.792013925 -87.646313936; 41.759381999 -87.645474583; 41.776832515 -87.683577859; 41.788304284 -87.669289666; 
41.814106994 -87.621342434; 41.794282844 -87.619214884; 41.794007453 -87.620827828; 41.774428535 -87.607054913; 41.785122047 -87.60603224; 
41.902900602 -87.699654403; 41.898869629 -87.684476322; 41.895897635 -87.677715036; 41.901164333 -87.663067151; 
41.865510331 -87.717833038; 41.858447816 -87.713972952; 41.85146005 -87.730832704; 41.86640116 -87.705973505; 
41.891308785 -87.614359614; 41.906763691 -87.650679924; 41.908390488 -87.634623176; 41.875323928 -87.631719215; 41.893809386 -87.632659201; 41.897226336 -87.641775139; 41.885741029 -87.631711749; 
41.883500187 -87.627876698; 41.883500187 -87.627876698; 41.899410159 -87.624131266; 
41.907023639 -87.63458665; 41.882951801 -87.624386748; 41.891984471 -87.62416567; 
