41.865397377 -87.640660777; 41.90279601 -87.628501862; 41.885260516 -87.633916764; 41.884296382 -87.623038828; 41.886410545 -87.63394829; 41.867346388 -87.632166244; 41.891412551 -87.647934597; 41.870107122 -87.652233955; 41.878123916 -87.633208786; 41.883202953 -87.635823077; 41.874363279 -87.643013039; 41.884688197 -87.636827836; 41.906598157 -87.659825297; 41.881968084 -87.63177506; 41.887521986 -87.624552898; 41.884521087 -87.622099893; 41.884276844 -87.622098929; 41.884494554 -87.627138636; 41.887919288 -87.628019052; 41.886146944 -87.624524028; 41.875367424 -87.627620993; 
41.972402958 -87.65490716; 41.962583234 -87.65567317; 41.982591102 -87.656586509; 41.971819529 -87.672024081; 41.952731382 -87.650553579; 
41.999457755 -87.695555488; 42.010996301 -87.662680653; 41.998508357 -87.672288617; 41.998347557 -87.680152053; 41.99859476 -87.687466852; 
41.831478244 -87.646126931; 41.837291982 -87.634079693; 41.830615654 -87.656142227; 41.830901193 -87.634629927; 
41.870931735 -87.686157813; 41.852029531 -87.6861979; 41.854005361 -87.695512317; 41.882105768 -87.684601889; 41.88210198 -87.684903049; 41.881348623 -87.674525788; 
41.692114167 -87.613356521; 41.689417613 -87.632629966; 41.702606515 -87.643915804; 
41.834690813 -87.613705645; 41.820248497 -87.616020877; 41.812532964 -87.606631948; 
41.685815238 -87.671680876; 41.689804788 -87.666334849; 41.677626857 -87.655325197; 
41.897678703 -87.758119375; 41.881768482 -87.749059579; 41.885684754 -87.749644536; 
41.768646635 -87.628253023; 41.773779022 -87.644631566; 41.771636658 -87.653078711; 
41.772701185 -87.585060362; 41.767570172 -87.573892082; 41.765882176 -87.57385334; 
41.908524862 -87.677409508; 41.925098106 -87.672293669; 41.92510186 -87.671992307; 
41.903937212 -87.655790422; 41.893336961 -87.651278351; 41.90406511 -87.63997849; 41.911091345 -87.64014493; 41.893406441 -87.663078485; 
41.883500187 -87.627876698; 41.895002822 -87.621454706; 41.86724511 -87.640347123; 41.868541914 -87.639235361; 41.874248852 -87.628690763; 41.863642218 -87.627331436; 41.868541914 -87.639235361; 41.878123916 -87.633208786; 
41.897837503 -87.624097243; 41.882394062 -87.627844798; 41.897837503 -87.624097243; 
41.94731966 -87.694884429; 41.946656051 -87.703419163; 41.964676021 -87.711239047; 
