41.896714548 -87.625340136; 41.881568892 -87.626197726; 41.936481818 -87.645316863; 41.929218212 -87.642631393; 41.932552121 -87.644862959; 41.924600366 -87.645029298; 41.883056972 -87.62943861; 41.893646656 -87.631177143; 41.919097247 -87.648542305; 41.907508676 -87.663952268; 41.892485711 -87.627127745; 41.885191719 -87.624486846; 41.881895543 -87.638349075; 41.938020384 -87.637420246; 41.880737718 -87.628483607; 41.9256545 -87.664593099; 41.921093508 -87.636428384; 41.883164818 -87.644508395; 41.889369287 -87.634022523; 41.919989843 -87.66214265; 41.925886611 -87.678679535; 41.896442307 -87.655722728; 41.934532055 -87.649681917; 41.877926025 -87.648633194; 41.940076135 -87.642473797; 
41.973104875 -87.685201724; 41.950669609 -87.688369965; 41.962324098 -87.684443267; 41.975987919 -87.682579787; 
41.783316167 -87.593120705; 41.791472109 -87.593961968; 41.767890185 -87.585020965; 41.803557702 -87.590525766; 41.783178859 -87.612089341; 41.793395687 -87.585879509; 
41.789468048 -87.669321659; 41.755111018 -87.649009226; 41.765444001 -87.626906181; 41.742656445 -87.632018466; 41.763214645 -87.655440235; 41.760932161 -87.630899515; 41.768159703 -87.645714401; 41.776963134 -87.666620361; 
41.909636288 -87.745300725; 41.894803457 -87.768770991; 41.912311599 -87.73251657; 41.894009033 -87.751460291; 41.897716178 -87.749233795; 41.900484148 -87.749043273; 
41.888438092 -87.624476665; 41.900588156 -87.628706133; 41.883210775 -87.629906972; 41.891412551 -87.647934597; 41.884534151 -87.646792573; 
41.920933521 -87.648607183; 41.882381731 -87.629412971; 41.896561044 -87.636584978; 41.893223483 -87.63153437; 41.92415789 -87.646294447; 41.883500187 -87.627876698; 41.919578459 -87.6368417; 41.911151209 -87.63598179; 
41.908417822 -87.67740693; 41.910620959 -87.668258557; 41.903279789 -87.671523276; 
41.884466819 -87.634266948; 41.883475491 -87.627876969; 41.868380637 -87.625847449; 
41.892816145 -87.624193198; 41.88635374 -87.620691382; 41.880775433 -87.627029031; 
41.794344947 -87.615968735; 41.790394439 -87.617490568; 41.797178266 -87.633067324; 
41.882394062 -87.627844798; 41.90058593 -87.628790643; 41.888165132 -87.622937212; 
