41.917425047 -87.638786737; 41.934439374 -87.654875971; 41.896876466 -87.673730782; 41.890384236 -87.624109917; 41.882895156 -87.696690304; 41.87603825 -87.714438372; 41.926284437 -87.649935343; 41.917052265 -87.635237822; 41.894764247 -87.63624456; 41.910511504 -87.675938005; 41.897895128 -87.624096605; 41.895692026 -87.627298109; 41.894351725 -87.63564669; 41.861827566 -87.709193671; 41.897887668 -87.628232605; 41.917440649 -87.635476088; 41.930388938 -87.652563238; 41.878265483 -87.686355549; 41.927585017 -87.651751518; 41.87788013 -87.733669057; 41.884412116 -87.663771091; 41.891412551 -87.647934597; 41.889789822 -87.672599064; 41.877096 -87.724937209; 41.889784463 -87.673098599; 41.925098106 -87.672293669; 41.922773412 -87.63876548; 
41.781004022 -87.688969401; 41.768324821 -87.683997295; 41.769490364 -87.683373357; 
41.784903215 -87.620594973; 41.781335054 -87.615651789; 41.784903215 -87.620594973; 
41.924690405 -87.709790316; 41.927617255 -87.705032324; 41.925839576 -87.702135718; 41.924142132 -87.699370763; 41.945841014 -87.727382797; 41.932205672 -87.717199591; 41.923629809 -87.69853068; 
41.736259984 -87.628068782; 41.736259984 -87.628068782; 41.722742235 -87.63719125; 
41.977318446 -87.655013129; 41.981818758 -87.658709497; 41.998221801 -87.657480435; 
41.901073698 -87.63136393; 41.88871565 -87.649891532; 41.901680889 -87.628345154; 41.898767916 -87.624116333; 41.883500187 -87.627876698; 41.884472382 -87.633378182; 41.895094616 -87.63416208; 41.886174649 -87.639848795; 
41.74652786 -87.629195005; 41.750772111 -87.624538423; 41.750111323 -87.644030737; 41.751043783 -87.619217924; 
41.891070406 -87.616613661; 41.892096977 -87.624164426; 41.925406329 -87.651789407; 41.885481891 -87.627935689; 41.931727354 -87.645070281; 41.900871406 -87.622568647; 41.896729066 -87.624579657; 41.9103799 -87.648260756; 41.883500187 -87.627876698; 41.904370109 -87.631460067; 41.894122739 -87.625137369; 41.886818777 -87.640176023; 41.907040103 -87.63458647; 
41.937548249 -87.76889399; 41.959125819 -87.747485772; 41.950452527 -87.765192255; 
