41.988102732 -87.663825864; 41.987189544 -87.660179264; 41.978973652 -87.656485058; 
41.923284685 -87.698648012; 41.927073222 -87.705912262; 41.927717169 -87.707247263; 41.918780718 -87.707018632; 
41.880386082 -87.754073591; 41.909630594 -87.745796739; 41.898646059 -87.749151858; 41.880419254 -87.751407336; 41.87392628 -87.756287237; 
41.894949856 -87.62353785; 41.887849586 -87.625610638; 41.889202315 -87.617611457; 41.881582612 -87.626197575; 41.889453169 -87.627994833; 41.890900247 -87.639397357; 41.875820724 -87.647175913; 
41.889934115 -87.717826336; 41.889979683 -87.714560903; 41.879297767 -87.725621359; 
41.994544712 -87.695880442; 42.0000775 -87.700931653; 41.98712745 -87.711443506; 
41.89200307 -87.628076963; 41.881682226 -87.653601947; 41.868541914 -87.639235361; 41.892569293 -87.623769884; 41.908962044 -87.631597128; 41.868541914 -87.639235361; 41.883210775 -87.629906972; 41.884485451 -87.628783943; 41.908543264 -87.649977652; 41.891710139 -87.645841619; 41.914055338 -87.633396724; 
41.897895128 -87.624096605; 41.883500187 -87.627876698; 41.885741029 -87.631711749; 41.89361798 -87.634123092; 41.891694878 -87.626155832; 
41.881493402 -87.627755557; 41.889203826 -87.631640804; 41.898708339 -87.639973996; 
41.882381731 -87.629412971; 41.897895128 -87.624096605; 41.884650262 -87.627915459; 
41.85199252 -87.688888738; 41.854809036 -87.684176721; 41.849120759 -87.70150309; 
