41.770077648 -87.65303653; 41.768826503 -87.645245398; 41.742386051 -87.652306588; 41.777740745 -87.631760999; 41.729720214 -87.656810952; 41.754984508 -87.658708022; 41.744883941 -87.664079475; 41.761116039 -87.630901175; 41.71811849 -87.653767939; 41.721212351 -87.66281599; 
41.800220064 -87.602843169; 41.802111489 -87.606401292; 41.801307936 -87.584690956; 
41.866229446 -87.720935733; 41.863580844 -87.717781792; 41.854257722 -87.724827013; 
41.967111936 -87.665167207; 41.946856632 -87.646973435; 41.950599647 -87.672210378; 41.955929033 -87.649740043; 41.941653232 -87.675985777; 
41.883765812 -87.63091811; 41.887338112 -87.624551258; 41.89837293 -87.625035314; 41.889906681 -87.624100509; 41.897135527 -87.637192135; 41.883500187 -87.627876698; 41.924455393 -87.654790678; 41.918076501 -87.65549758; 41.914035604 -87.653868654; 41.880830829 -87.623995243; 41.882389156 -87.624374606; 41.882394062 -87.627844798; 41.878611533 -87.627688116; 41.882470918 -87.627847625; 41.8763717 -87.630734709; 41.903996883 -87.643230238; 
41.726219145 -87.567294437; 41.746435084 -87.554437452; 41.734660589 -87.558283815; 41.739666117 -87.567273877; 
41.764284895 -87.580928208; 41.736018395 -87.589326049; 41.753215027 -87.594983903; 41.748684547 -87.601474495; 41.755859312 -87.601656868; 
41.902540928 -87.647099286; 41.884487942 -87.628295495; 41.893199265 -87.633411455; 41.868541914 -87.639235361; 41.866988841 -87.657205006; 
41.884790951 -87.624469241; 41.878260207 -87.625448401; 41.901073698 -87.63136393; 41.899410159 -87.624131266; 
41.895140898 -87.624255632; 41.89200307 -87.628076963; 41.894173733 -87.621401474; 
41.883222953 -87.625635993; 41.879235852 -87.624347038; 41.883475491 -87.627876969; 41.89486351 -87.629125336; 
41.899410159 -87.624131266; 41.899410159 -87.624131266; 41.883500187 -87.627876698; 
