41.766251035 -87.65657393; 41.793926429 -87.673419543; 41.775106459 -87.667776079; 41.7787356 -87.664200575; 41.765918909 -87.656562758; 41.79486342 -87.664608602; 41.802501506 -87.656302636; 
41.998371665 -87.660569111; 41.979734704 -87.675524376; 41.998495776 -87.680157895; 41.991340183 -87.696993891; 41.987870213 -87.66019784; 41.995286373 -87.660428707; 
41.910723346 -87.677471499; 41.908286429 -87.682286958; 41.90008196 -87.6747263; 
41.884481948 -87.630003198; 41.884497778 -87.625878988; 41.877578503 -87.629282088; 41.894167504 -87.621724757; 41.884521087 -87.622099893; 41.846801978 -87.623527134; 41.862722844 -87.646787332; 41.895140898 -87.624255632; 41.874347849 -87.652842506; 41.852880893 -87.635682791; 41.882381731 -87.629412971; 41.88411981 -87.657439391; 41.891780948 -87.632585879; 41.881624191 -87.629391908; 41.87417034 -87.64241662; 41.892466501 -87.655823517; 41.89488209 -87.627681669; 41.902299811 -87.634421428; 41.883074281 -87.651409543; 41.885503844 -87.627935448; 
41.908706263 -87.736312283; 41.899882533 -87.722553756; 41.934628909 -87.723383717; 41.91432056 -87.706874864; 41.91723409 -87.720962732; 41.91824807 -87.712527912; 
41.932632364 -87.654189502; 41.94709966 -87.662086262; 41.936880447 -87.648190373; 41.945363918 -87.655774686; 41.957353244 -87.65621756; 41.94225195 -87.643328791; 41.937100312 -87.649165664; 41.930096972 -87.63637449; 41.962997708 -87.654760597; 41.931622056 -87.644442981; 41.947857457 -87.664033932; 
41.884389103 -87.706866213; 41.871648155 -87.723806615; 41.870028132 -87.708823855; 
41.892571652 -87.621933457; 41.91244802 -87.653165399; 41.891514405 -87.639306236; 41.918578314 -87.636183854; 41.899410159 -87.624131266; 41.879202837 -87.626113652; 41.906541234 -87.631531799; 41.875367424 -87.627620993; 41.884793722 -87.626253976; 41.880404956 -87.624356147; 41.879279355 -87.641832814; 41.896686411 -87.627456116; 41.894692183 -87.615636574; 
41.752985214 -87.549117566; 41.752642802 -87.56382127; 41.742156036 -87.557581761; 41.753068233 -87.563830848; 41.760134653 -87.572462354; 
41.774890727 -87.609846915; 41.77592941 -87.600963193; 41.792697215 -87.606181304; 
41.897211487 -87.625823165; 41.899151086 -87.627513456; 41.892628411 -87.63115524; 41.882394062 -87.627844798; 41.884497529 -87.625838595; 
41.88233367 -87.627841791; 41.895140898 -87.624255632; 41.882394062 -87.627844798; 
41.890925183 -87.645824327; 41.881663579 -87.62776103; 41.883500187 -87.627876698; 
41.899092831 -87.71804694; 41.880632459 -87.733639652; 41.88499446 -87.717311877; 41.873461764 -87.705908135; 
41.750706929 -87.602741498; 41.749248866 -87.61743116; 41.742710224 -87.634088181; 
41.909804314 -87.651606387; 41.910619214 -87.668431245; 41.896391984 -87.64862698; 
41.884185797 -87.653740666; 41.880731063 -87.628740729; 41.878840427 -87.639582928; 
