41.922826336 -87.712692983; 41.931780735 -87.727593069; 41.92194288 -87.689306056; 41.911088511 -87.697012738; 41.914460457 -87.703853416; 41.911201894 -87.673822118; 41.90356592 -87.696896419; 
41.880541389 -87.643148513; 41.862132355 -87.666264958; 41.863577861 -87.621351855; 41.986333011 -87.666231552; 41.861161041 -87.627270627; 41.9313482 -87.655140257; 41.954535555 -87.651221802; 41.859245318 -87.652224418; 41.940781695 -87.650320872; 41.879499198 -87.627002693; 41.883475491 -87.627876969; 41.881493402 -87.627755557; 41.898160595 -87.637434447; 41.879909765 -87.62772157; 41.879290831 -87.692539948; 41.873219626 -87.675868666; 41.903125898 -87.632182661; 41.895226353 -87.634164316; 41.853192351 -87.641350404; 41.932930738 -87.636207661; 41.882931956 -87.692944238; 41.891678767 -87.627551654; 41.983117874 -87.655172255; 41.91244802 -87.653165399; 41.932930738 -87.636207661; 41.887966168 -87.634790696; 41.985516503 -87.65613622; 41.910906878 -87.649195628; 41.969107389 -87.653552149; 
41.729458085 -87.544274901; 41.70568458 -87.531656631; 41.738741616 -87.550225209; 41.729497645 -87.545640898; 41.711196115 -87.538905723; 
41.950738145 -87.678660578; 41.968317938 -87.721003237; 41.974953796 -87.701323687; 41.961324978 -87.687810279; 41.976257039 -87.712339963; 
41.744310082 -87.664499505; 41.764023607 -87.681900034; 41.754584479 -87.676820613; 41.740532295 -87.653469382; 41.777234866 -87.69267335; 
41.757567866 -87.605364858; 41.748684547 -87.601474495; 41.765159052 -87.604571605; 41.765558228 -87.622733535; 41.750772111 -87.624538423; 
41.788339891 -87.740514226; 41.788987036 -87.74147999; 41.797702579 -87.749460725; 
41.724155114 -87.60870933; 41.715400498 -87.603035271; 41.717712231 -87.618913087; 
41.875254895 -87.627618559; 41.880801792 -87.625515824; 41.880543228 -87.642997936; 41.903996883 -87.643230238; 41.898767916 -87.624116333; 41.882124574 -87.630888347; 41.876607964 -87.627644063; 41.88087033 -87.642630874; 41.88588068 -87.656814882; 41.891694878 -87.626155832; 
42.001580925 -87.657054907; 41.999251903 -87.667991285; 42.001070114 -87.660724637; 
41.765709761 -87.567722907; 41.772998982 -87.576478539; 41.751613643 -87.575373855; 
41.781514139 -87.620614173; 41.767509864 -87.616179796; 41.75608935 -87.602874702; 
41.802115448 -87.58775136; 41.799490663 -87.593499384; 41.798844554 -87.599730463; 
