41.788987036 -87.74147999; 41.790874602 -87.704704643; 41.785895793 -87.727046899; 41.796581899 -87.695099168; 41.807708317 -87.736128549; 41.78935216 -87.708342424; 
41.884600448 -87.666897965; 41.87540431 -87.62425353; 41.876914292 -87.62792343; 41.88946287 -87.624222942; 41.875272573 -87.624251314; 41.884932988 -87.664621314; 41.883475491 -87.627876969; 41.86850963 -87.625849698; 41.88575899 -87.624359385; 41.883811077 -87.671812366; 41.901551235 -87.665887887; 41.909675088 -87.679884886; 41.916799366 -87.672735715; 41.850230649 -87.618835191; 41.913252093 -87.673867144; 41.88411981 -87.657439391; 41.885105137 -87.646823184; 41.879049777 -87.657665406; 41.861698243 -87.651688112; 41.907487393 -87.677383392; 41.841622651 -87.617191438; 41.859718559 -87.659410734; 41.86821682 -87.6304532; 41.883500187 -87.627876698; 
41.924834239 -87.694520713; 41.949986107 -87.678638865; 41.936548057 -87.68402102; 41.910168393 -87.702837528; 41.952347432 -87.677905187; 41.926759606 -87.707278674; 41.945723187 -87.673642884; 41.948643268 -87.681854422; 41.919198138 -87.709593933; 41.917407385 -87.70579017; 41.947828587 -87.675179792; 41.918153508 -87.71026915; 
41.726630413 -87.617894796; 41.7370069 -87.625466552; 41.742710224 -87.634088181; 
41.993102287 -87.678991755; 41.997744457 -87.689002172; 42.007231202 -87.686577392; 42.017035149 -87.68299682; 42.015609434 -87.684188906; 41.998317498 -87.669174581; 
41.918308872 -87.639725117; 41.937858513 -87.647459525; 41.928360388 -87.64281704; 41.932784743 -87.645672656; 41.928620632 -87.642285052; 
41.919560356 -87.732753549; 41.931651256 -87.737461807; 41.929646535 -87.752172863; 41.939146812 -87.723039275; 41.931330934 -87.761903765; 41.923783122 -87.778448036; 41.941145488 -87.780080196; 41.923776984 -87.778881692; 41.930715815 -87.77351858; 
41.800315997 -87.585762416; 41.817345176 -87.611658416; 41.808947743 -87.601687634; 41.792925994 -87.586658725; 41.799490663 -87.593499384; 
41.968127405 -87.728024735; 41.974690548 -87.715984896; 41.992694576 -87.718930363; 
41.873903718 -87.758354631; 41.882334457 -87.757886124; 41.896825031 -87.746685469; 41.901246855 -87.764306265; 41.886843497 -87.765098817; 
41.786736065 -87.665290751; 41.784113682 -87.657046107; 41.788477762 -87.647437083; 
41.888045958 -87.625413826; 41.894539838 -87.624243916; 41.889763346 -87.674678054; 41.891857438 -87.637040102; 41.891710139 -87.645841619; 41.879600767 -87.671701566; 41.883500187 -87.627876698; 41.889842586 -87.669851379; 41.8744151 -87.627609439; 41.881413716 -87.66962645; 41.906823047 -87.640885421; 41.884350397 -87.656985264; 41.905390963 -87.687091979; 41.875588919 -87.632421308; 41.90784052 -87.631289801; 41.902691914 -87.672370552; 41.88846549 -87.628035079; 41.914958559 -87.669029172; 41.908849952 -87.646645976; 41.914657076 -87.680579906; 41.921336883 -87.681125463; 
41.934482053 -87.652350651; 41.932778447 -87.645996134; 41.937718623 -87.640613767; 
41.886127716 -87.626301698; 41.884493832 -87.627021129; 41.868684249 -87.632397611; 
41.907926167 -87.64819515; 41.883475491 -87.627876969; 41.882381731 -87.629412971; 41.889046347 -87.643240599; 
41.885741029 -87.631711749; 41.882394062 -87.627844798; 41.881493402 -87.627755557; 41.89486351 -87.629125336; 
