41.780389746 -87.686119427; 41.760624158 -87.670989918; 41.76344278 -87.705236388; 41.76572336 -87.686941315; 41.756057234 -87.654929158; 41.779964623 -87.701944104; 41.76623462 -87.673567774; 
41.91730015 -87.650909345; 41.955857603 -87.687648547; 41.872051832 -87.62753263; 41.933021817 -87.661146056; 41.914234396 -87.633508663; 41.882539542 -87.627850543; 41.912138405 -87.633156819; 41.882389156 -87.624374606; 41.915272231 -87.643571718; 41.908962044 -87.631597128; 41.912636854 -87.683400045; 41.918727688 -87.657030222; 41.920801381 -87.637581657; 41.935301981 -87.657358652; 41.908345425 -87.668634853; 41.9368641 -87.683132056; 41.890301556 -87.667125178; 41.915820895 -87.705228873; 41.903125898 -87.632182661; 41.914055338 -87.633396724; 41.892753031 -87.624193896; 41.921000188 -87.636425726; 41.888993854 -87.626934833; 41.879519801 -87.686390634; 41.957553602 -87.656222792; 41.929242595 -87.654078463; 41.953966133 -87.699836291; 41.967587368 -87.677660741; 41.881262991 -87.680192808; 41.942487713 -87.665093551; 41.904785439 -87.693141004; 41.909411174 -87.675956643; 41.933452199 -87.67815748; 41.906618054 -87.692553285; 
41.773000117 -87.613812746; 41.750773621 -87.634642001; 41.759367036 -87.623168362; 
41.682811576 -87.631211677; 41.706987456 -87.620244029; 41.700309589 -87.628099219; 
41.927118854 -87.704221412; 41.921872242 -87.715913732; 41.927542481 -87.704908115; 41.927592586 -87.692622714; 41.92938643 -87.707892425; 41.920184432 -87.680181857; 
41.886815464 -87.628361716; 41.879361356 -87.635879544; 41.883588537 -87.656695843; 41.891412551 -87.647934597; 41.880355702 -87.626159693; 41.915228778 -87.634118723; 41.87766908 -87.629284766; 41.877981539 -87.644608125; 41.869431235 -87.655809807; 41.903789944 -87.638493721; 41.89476842 -87.636027812; 41.889143855 -87.649909004; 41.874236291 -87.674657583; 
41.926567194 -87.653651175; 41.908279796 -87.660663594; 41.935432921 -87.668504341; 
41.882381731 -87.629412971; 41.885503844 -87.627935448; 41.894764247 -87.63624456; 
41.76015985 -87.653980634; 41.744580809 -87.653580577; 41.766923387 -87.651006106; 41.779605366 -87.654813009; 
41.910533752 -87.653832316; 41.902836546 -87.667479774; 41.925426194 -87.650514079; 
41.983159752 -87.691083877; 41.995178522 -87.713399454; 41.991735136 -87.707940862; 
41.94436674 -87.645448965; 41.949586479 -87.679782538; 41.946485155 -87.6640005; 
