41.903316225 -87.66927844; 41.891984471 -87.62416567; 41.894764247 -87.63624456; 41.889011829 -87.650780817; 41.917818935 -87.674422705; 41.896683405 -87.627860183; 41.960138099 -87.70087449; 41.871235563 -87.65325369; 41.879396635 -87.632658775; 41.89514184 -87.661378128; 41.946648338 -87.702015041; 41.864063293 -87.659042047; 41.919003797 -87.677665964; 41.897914467 -87.665775161; 41.932629338 -87.687919626; 41.894372751 -87.63414057; 41.850602999 -87.63475324; 41.868541914 -87.639235361; 41.880131389 -87.641140619; 41.897596067 -87.623218373; 41.897605061 -87.622454271; 41.893893173 -87.615127644; 41.882343769 -87.669583775; 41.899203295 -87.643785079; 41.88154768 -87.641184088; 
41.924998531 -87.648743777; 41.926712664 -87.644903699; 41.929218212 -87.642631393; 41.918833098 -87.638830257; 
41.772580995 -87.638001683; 41.776809356 -87.637450077; 41.755032853 -87.632851293; 41.788392671 -87.619063915; 41.736148121 -87.629070243; 41.767191036 -87.627176601; 41.771893006 -87.625108782; 
41.756576117 -87.561476311; 41.760271725 -87.573684925; 41.752635952 -87.576006834; 41.754839841 -87.559972503; 
41.909440599 -87.760331948; 41.909614875 -87.747016581; 41.912149595 -87.736181; 
41.858463892 -87.720037051; 41.862076364 -87.723838793; 41.865845054 -87.703144716; 
41.884276844 -87.622098929; 41.877981539 -87.644608125; 41.875367424 -87.627620993; 41.883549603 -87.627879826; 41.894563504 -87.622745105; 41.891678767 -87.627551654; 41.871520566 -87.625930316; 41.884640562 -87.629465296; 41.896702014 -87.626423821; 41.885888079 -87.627942238; 41.889453169 -87.627994833; 
41.892753031 -87.624193896; 41.894260796 -87.616868151; 41.904394115 -87.630001432; 
41.885749789 -87.629107914; 41.883500187 -87.627876698; 41.868541914 -87.639235361; 
41.885426371 -87.630966024; 41.877945235 -87.620667308; 41.8926701 -87.628106353; 41.916002784 -87.634591587; 41.903919035 -87.630396032; 
41.759366666 -87.653967008; 41.750250754 -87.671477692; 41.764349018 -87.673521113; 
