41.900752739 -87.627800699; 41.945776947 -87.646312335; 41.903356763 -87.666802133; 41.884497529 -87.625838595; 41.910886107 -87.650316375; 41.86526043 -87.629420924; 41.879396635 -87.632658775; 41.925522178 -87.644530656; 41.88777543 -87.670673381; 41.93896443 -87.65299395; 41.912676108 -87.66207967; 41.896011332 -87.634185138; 41.911102883 -87.639329207; 41.890829171 -87.630418369; 41.881722193 -87.624356274; 
41.781566768 -87.608411618; 41.777804165 -87.599306718; 41.765099388 -87.592241476; 41.783502812 -87.593125892; 
41.927912728 -87.662195573; 41.897895128 -87.624096605; 41.914223111 -87.674268641; 41.885877917 -87.626289762; 41.87248616 -87.669061591; 41.873951538 -87.631675478; 41.8919534 -87.612563748; 41.910574965 -87.671697746; 41.887988672 -87.625469546; 41.901822321 -87.633071176; 41.88136236 -87.647344302; 41.917061131 -87.687393113; 41.878882173 -87.66749717; 41.893140033 -87.624204307; 41.930049492 -87.685920733; 41.910514741 -87.675544872; 41.894539838 -87.624243916; 41.921604898 -87.665686285; 41.889030403 -87.644698793; 41.883644527 -87.660620933; 41.940761026 -87.656562207; 41.936668405 -87.670979711; 41.923830996 -87.699182764; 41.899877007 -87.656935312; 
41.959347333 -87.710331275; 41.976633054 -87.71235102; 41.972118466 -87.705220316; 
41.974320868 -87.653467292; 42.019399237 -87.675049485; 41.960360168 -87.650534646; 42.003492628 -87.6643783; 41.986142452 -87.662257431; 41.991262667 -87.660305558; 
41.910771817 -87.728805723; 41.93883319 -87.729639722; 41.902800026 -87.709856412; 41.926774014 -87.72683566; 41.899751256 -87.729905122; 41.905396393 -87.719081135; 
41.925647141 -87.637040274; 41.924609041 -87.641450105; 41.924588666 -87.638077007; 41.922450447 -87.635737508; 
41.742710224 -87.634088181; 41.760776363 -87.64186039; 41.772972076 -87.644610871; 
41.931419494 -87.754927749; 41.926373285 -87.772156466; 41.931167873 -87.773929905; 
41.865319225 -87.627375397; 41.885749789 -87.629107914; 41.880559272 -87.629366876; 41.867214518 -87.642557607; 41.882407782 -87.627844648; 41.885741029 -87.631711749; 
41.883500187 -87.627876698; 41.880706619 -87.630125388; 41.885172377 -87.637024557; 
41.757457948 -87.586106086; 41.756524614 -87.579761752; 41.770875842 -87.586265645; 
41.945238279 -87.712670479; 41.943976695 -87.707753524; 41.929193965 -87.69634407; 
