41.914204099 -87.633490624; 41.892096977 -87.624164426; 41.845971296 -87.64347983; 41.856734189 -87.645753833; 41.886190872 -87.624527215; 41.876877792 -87.631371748; 41.876745343 -87.641654506; 41.889617465 -87.631070692; 41.893391805 -87.62098778; 41.866216769 -87.621623622; 41.897895128 -87.624096605; 41.877822179 -87.655181405; 41.886439939 -87.632467972; 41.90375986 -87.640327096; 41.852750046 -87.640815604; 41.87795526 -87.646635332; 41.894890041 -87.627189408; 41.880112443 -87.650813107; 41.892631803 -87.618362824; 41.892017399 -87.624165306; 41.854056069 -87.634433029; 41.892628411 -87.63115524; 41.895729959 -87.624991059; 41.879955987 -87.650807428; 41.882394062 -87.627844798; 41.894563504 -87.622745105; 
41.763295715 -87.606744291; 41.774319025 -87.605795029; 41.770506057 -87.621824792; 41.770214345 -87.618598435; 
41.765286035 -87.577086035; 41.763413231 -87.583603153; 41.767261858 -87.581256323; 
41.961867922 -87.648430138; 41.936226764 -87.656889472; 41.947225886 -87.655545441; 41.947225886 -87.655545441; 
41.872873835 -87.696811792; 41.872709251 -87.711856258; 41.876895839 -87.74124607; 41.883660124 -87.695085261; 41.850717686 -87.712531647; 41.872585788 -87.721572678; 41.865406824 -87.732489678; 41.862405607 -87.71458821; 41.863146337 -87.692036702; 
41.817726343 -87.623059567; 41.841622651 -87.617191438; 41.824933076 -87.623104662; 
41.94368716 -87.678468063; 41.935879722 -87.682304089; 41.940869009 -87.69063733; 41.927008883 -87.698699294; 
41.871520566 -87.625930316; 41.879839662 -87.626139678; 41.867284788 -87.636473416; 41.885741029 -87.631711749; 41.877745385 -87.638206774; 41.883475491 -87.627876969; 
41.891404732 -87.628061509; 41.882389156 -87.624374606; 41.88249622 -87.624380767; 
41.764151886 -87.683229302; 41.794172544 -87.70357593; 41.779090123 -87.695158983; 
41.891062111 -87.617043461; 41.887384761 -87.624550742; 41.876476204 -87.627638169; 
41.994590446 -87.65734596; 41.980634157 -87.656529996; 42.007933629 -87.664534142; 
