41.913358136 -87.677529027; 41.908320127 -87.670905467; 41.886776841 -87.649199738; 41.921618877 -87.663374897; 41.894573062 -87.67212738; 41.88436774 -87.663690763; 41.921379409 -87.678472071; 41.917523824 -87.69307984; 41.884412116 -87.663771091; 41.866908256 -87.662180514; 41.914025425 -87.685340545; 41.903111959 -87.641193679; 41.924397747 -87.654787614; 
41.890090473 -87.704643636; 41.886496145 -87.699765126; 41.895664029 -87.694697628; 
41.878766117 -87.620724284; 41.884546689 -87.616947314; 41.882394062 -87.627844798; 41.879069903 -87.627701434; 41.884718864 -87.627914704; 41.885888079 -87.627942238; 
41.951688111 -87.653248336; 41.944465454 -87.655122558; 41.944022042 -87.665147369; 
41.926314797 -87.739786136; 41.905481311 -87.736221102; 41.917738676 -87.750961859; 41.911506905 -87.769178583; 41.915835651 -87.752878693; 
41.752447741 -87.636012806; 41.746239973 -87.634181801; 41.748932704 -87.635629419; 
41.883659738 -87.632421239; 41.912733991 -87.662123151; 41.896442307 -87.655722728; 41.885451043 -87.660289829; 41.914204099 -87.633490624; 41.890900247 -87.639397357; 41.906901954 -87.632181754; 41.885055833 -87.630955393; 
41.878928363 -87.626105662; 41.888599915 -87.632510468; 41.879890416 -87.630832031; 
41.894220552 -87.619660001; 41.883288295 -87.655575296; 41.91824156 -87.644498728; 41.885933938 -87.658870877; 41.894307348 -87.629722783; 41.911151209 -87.63598179; 41.883484482 -87.657666424; 41.881503012 -87.626194781; 41.910927361 -87.639801362; 41.900773494 -87.626713182; 41.881883933 -87.640060441; 41.902625518 -87.628444963; 41.905483409 -87.64812943; 41.879361356 -87.635879544; 
41.945302269 -87.660223092; 41.946779572 -87.65617875; 41.954207366 -87.674915646; 
