41.866660939 -87.664004076; 41.892569818 -87.62208039; 41.890117125 -87.645157222; 41.878144785 -87.631233035; 41.868541914 -87.639235361; 41.860205785 -87.650833948; 41.866166588 -87.655051279; 41.885596865 -87.651514924; 41.881833204 -87.643028117; 41.888189539 -87.623777956; 41.894002579 -87.633288825; 
41.736870876 -87.588748303; 41.731794648 -87.604703396; 41.741840801 -87.578233279; 41.729481961 -87.595790607; 
41.881950166 -87.633335938; 41.90444226 -87.63293969; 41.880457093 -87.62435557; 41.89364542 -87.634122793; 41.875056172 -87.629221649; 41.909909792 -87.633107699; 41.868173158 -87.63228938; 41.877762073 -87.63688469; 41.88184935 -87.641606807; 41.879283693 -87.641641821; 41.884433056 -87.652397642; 41.884516393 -87.619132695; 41.881928906 -87.635704735; 41.878638996 -87.627691486; 41.885741029 -87.631711749; 41.885741029 -87.631711749; 41.922450893 -87.632206293; 41.883804454 -87.636811728; 41.904424094 -87.625056598; 
41.967699921 -87.659656418; 41.968810413 -87.675110943; 41.969044846 -87.658300072; 41.964312917 -87.663766131; 
41.881577757 -87.679084277; 41.877494027 -87.674712257; 41.881424572 -87.686437519; 41.897631762 -87.682982884; 
41.875462318 -87.709938595; 41.884988617 -87.71724583; 41.897100025 -87.731417674; 41.875059174 -87.705954932; 
41.886365313 -87.769972733; 41.863705987 -87.729987188; 41.851764611 -87.723026418; 41.871169343 -87.745668106; 41.873855191 -87.762379293; 
41.926404101 -87.792881805; 41.926111089 -87.775793077; 41.942623178 -87.801849533; 41.933477398 -87.774828514; 
41.885347387 -87.627929824; 41.882114362 -87.632361012; 41.882381731 -87.629412971; 41.879498701 -87.626921913; 41.885503844 -87.627935448; 41.889617465 -87.631070692; 
41.87992623 -87.627721389; 41.884792337 -87.630947262; 41.88171846 -87.627760426; 
41.980638005 -87.772276062; 41.980162885 -87.77445016; 41.983691101 -87.781654021; 41.961733346 -87.767283414; 41.987038939 -87.794344469; 
