41.938538382 -87.658923289; 41.909240284 -87.65274758; 41.883626428 -87.664098784; 41.938538382 -87.658923289; 41.930854704 -87.65197396; 41.906242849 -87.633000828; 41.937227668 -87.644305471; 41.891135724 -87.628049777; 41.894764247 -87.63624456; 41.893652298 -87.622725822; 41.872910562 -87.63062942; 41.925246375 -87.661433463; 41.915175663 -87.650832777; 41.869527301 -87.639268759; 41.895048138 -87.650610033; 41.892328543 -87.640520462; 41.90839484 -87.638506239; 41.941850157 -87.64588401; 41.892577426 -87.621536731; 41.886511115 -87.618196037; 41.882457198 -87.627847776; 41.884948605 -87.670629146; 41.899227252 -87.622954198; 41.868541914 -87.639235361; 41.926352649 -87.647568082; 
41.992820162 -87.703118675; 41.984982599 -87.691209003; 41.996606229 -87.691070093; 41.972939731 -87.679308493; 41.962064608 -87.674536939; 41.973337047 -87.653231366; 41.975327407 -87.666467779; 41.995007096 -87.682430213; 41.962707677 -87.653050272; 41.973335022 -87.653352743; 
41.904106828 -87.751802083; 41.928768274 -87.749986927; 41.930384563 -87.764745621; 41.912117796 -87.760646006; 
41.835686337 -87.620644613; 41.839677015 -87.634574836; 41.823320055 -87.623203203; 41.809092623 -87.632853216; 
41.91692417 -87.681126305; 41.885346796 -87.70988291; 41.88895519 -87.714904997; 41.9205652 -87.692726089; 41.897578074 -87.702381037; 41.889054448 -87.718569302; 41.910346429 -87.685521034; 41.907416124 -87.674999918; 41.895732399 -87.687784384; 41.913215448 -87.708535293; 41.907556016 -87.677386363; 41.896218609 -87.72610742; 
41.801983471 -87.587712546; 41.803153058 -87.607504496; 41.777710866 -87.599307782; 41.782395857 -87.590843392; 41.761386117 -87.58965618; 
41.887413391 -87.651025528; 41.902394665 -87.667469672; 41.886571834 -87.6633005; 41.90352381 -87.66674162; 41.884932988 -87.664621314; 
41.892903412 -87.628114805; 41.893471454 -87.628112229; 41.882381731 -87.629412971; 41.884650262 -87.627915459; 41.874057849 -87.630660914; 41.885879253 -87.630979425; 
41.769364272 -87.688268431; 41.780370537 -87.68611962; 41.773075532 -87.682116392; 
41.899145291 -87.627910223; 41.881493402 -87.627755557; 41.884486956 -87.628581948; 
