41.884215725 -87.660688388; 41.886609082 -87.661221497; 41.895563458 -87.636349732; 41.908068111 -87.633058026; 41.885908101 -87.626289429; 41.885999688 -87.648649821; 41.886179873 -87.624523664; 41.885326396 -87.633919718; 41.897895128 -87.624096605; 41.891990384 -87.611461502; 41.89558684 -87.662390878; 41.894122739 -87.625137369; 41.910515099 -87.675607323; 41.890051565 -87.62891376; 
41.862842099 -87.702010464; 41.865840382 -87.686021928; 41.860237886 -87.711584239; 41.862972633 -87.704795555; 41.852574303 -87.725639472; 41.878282692 -87.714372653; 41.869901648 -87.718440772; 41.858742458 -87.733814847; 41.852655253 -87.722276506; 
41.952729665 -87.650726382; 41.939920925 -87.65324842; 41.944811586 -87.654255077; 
41.747170897 -87.605119541; 41.77351474 -87.570643542; 41.758071078 -87.57124059; 41.773085006 -87.568335406; 41.765096595 -87.592659377; 41.751072904 -87.582881895; 41.754495358 -87.565074531; 41.75083745 -87.599108293; 
41.935954087 -87.71614178; 41.939624868 -87.721083022; 41.925050396 -87.700850013; 
41.902799164 -87.766893248; 41.924298436 -87.742039; 41.910131062 -87.749223495; 41.886275336 -87.765078145; 
41.901680889 -87.628345154; 41.876579441 -87.629256335; 41.890384236 -87.624109917; 41.883527057 -87.630917053; 41.892505345 -87.626304822; 41.929430929 -87.643779347; 41.84097894 -87.649353839; 41.884496941 -87.625743121; 41.85102174 -87.618954852; 41.870526756 -87.627204283; 41.881475571 -87.626195083; 41.854028963 -87.634488383; 41.917245085 -87.635356969; 41.894410845 -87.62424167; 
41.906436938 -87.631529268; 41.89193719 -87.628074015; 41.89804054 -87.624091323; 
41.881473568 -87.641181216; 41.88837217 -87.628032433; 41.884276366 -87.622021816; 
41.90243905 -87.70055527; 41.903746607 -87.707804766; 41.899030463 -87.725401243; 
